4000	0.5
-1000.0	1.0
-999.4998749687422	1.0
-998.9997499374844	1.0
-998.4996249062266	1.0
-997.9994998749687	1.0
-997.4993748437109	1.0
-996.9992498124531	1.0
-996.4991247811953	1.0
-995.9989997499375	1.0
-995.4988747186796	1.0
-994.9987496874219	1.0
-994.498624656164	1.0
-993.9984996249062	1.0
-993.4983745936485	1.0
-992.9982495623906	1.0
-992.4981245311328	1.0
-991.9979994998749	1.0
-991.4978744686172	1.0
-990.9977494373593	1.0
-990.4976244061015	1.0
-989.9974993748438	1.0
-989.4973743435859	1.0
-988.9972493123281	1.0
-988.4971242810702	1.0
-987.9969992498125	1.0
-987.4968742185547	1.0
-986.9967491872968	1.0
-986.496624156039	1.0
-985.9964991247812	1.0
-985.4963740935234	1.0
-984.9962490622655	1.0
-984.4961240310078	1.0
-983.99599899975	1.0
-983.4958739684921	1.0
-982.9957489372343	1.0
-982.4956239059765	1.0
-981.9954988747187	1.0
-981.4953738434608	1.0
-980.995248812203	1.0
-980.4951237809453	1.0
-979.9949987496874	1.0
-979.4948737184296	1.0
-978.9947486871718	1.0
-978.494623655914	1.0
-977.9944986246562	1.0
-977.4943735933983	1.0
-976.9942485621406	1.0
-976.4941235308827	1.0
-975.9939984996249	1.0
-975.493873468367	1.0
-974.9937484371093	1.0
-974.4936234058515	1.0
-973.9934983745936	1.0
-973.4933733433359	1.0
-972.993248312078	1.0
-972.4931232808202	1.0
-971.9929982495623	1.0
-971.4928732183046	1.0
-970.9927481870468	1.0
-970.4926231557889	1.0
-969.9924981245312	1.0
-969.4923730932733	1.0
-968.9922480620155	1.0
-968.4921230307577	1.0
-967.9919979994999	1.0
-967.4918729682421	1.0
-966.9917479369842	1.0
-966.4916229057264	1.0
-965.9914978744686	1.0
-965.4913728432108	1.0
-964.991247811953	1.0
-964.4911227806952	1.0
-963.9909977494374	1.0
-963.4908727181795	1.0
-962.9907476869217	1.0
-962.4906226556639	1.0
-961.9904976244061	1.0
-961.4903725931483	1.0
-960.9902475618904	1.0
-960.4901225306327	1.0
-959.9899974993748	1.0
-959.489872468117	1.0
-958.9897474368593	1.0
-958.4896224056014	1.0
-957.9894973743436	1.0
-957.4893723430857	1.0
-956.989247311828	1.0
-956.4891222805701	1.0
-955.9889972493123	1.0
-955.4888722180546	1.0
-954.9887471867967	1.0
-954.4886221555389	1.0
-953.988497124281	1.0
-953.4883720930233	1.0
-952.9882470617654	1.0
-952.4881220305076	1.0
-951.9879969992498	1.0
-951.487871967992	1.0
-950.9877469367342	1.0
-950.4876219054763	1.0
-949.9874968742186	1.0
-949.4873718429608	1.0
-948.9872468117029	1.0
-948.4871217804451	1.0
-947.9869967491873	1.0
-947.4868717179295	1.0
-946.9867466866717	1.0
-946.4866216554138	1.0
-945.9864966241561	1.0
-945.4863715928982	1.0
-944.9862465616404	1.0
-944.4861215303825	1.0
-943.9859964991248	1.0
-943.485871467867	1.0
-942.9857464366091	1.0
-942.4856214053514	1.0
-941.9854963740935	1.0
-941.4853713428357	1.0
-940.9852463115778	1.0
-940.4851212803201	1.0
-939.9849962490623	1.0
-939.4848712178044	1.0
-938.9847461865467	1.0
-938.4846211552888	1.0
-937.984496124031	1.0
-937.4843710927732	1.0
-936.9842460615154	1.0
-936.4841210302576	1.0
-935.9839959989997	1.0
-935.483870967742	1.0
-934.9837459364841	1.0
-934.4836209052263	1.0
-933.9834958739685	1.0
-933.4833708427107	1.0
-932.9832458114529	1.0
-932.483120780195	1.0
-931.9829957489372	1.0
-931.4828707176794	1.0
-930.9827456864216	1.0
-930.4826206551638	1.0
-929.982495623906	1.0
-929.4823705926482	1.0
-928.9822455613903	1.0
-928.4821205301325	1.0
-927.9819954988748	1.0
-927.4818704676169	1.0
-926.9817454363591	1.0
-926.4816204051012	1.0
-925.9814953738435	1.0
-925.4813703425856	1.0
-924.9812453113278	1.0
-924.4811202800701	1.0
-923.9809952488122	1.0
-923.4808702175544	1.0
-922.9807451862965	1.0
-922.4806201550388	1.0
-921.9804951237809	1.0
-921.4803700925231	1.0
-920.9802450612654	1.0
-920.4801200300075	1.0
-919.9799949987497	1.0
-919.4798699674918	1.0
-918.979744936234	1.0
-918.4796199049763	1.0
-917.9794948737184	1.0
-917.4793698424606	1.0
-916.9792448112028	1.0
-916.479119779945	1.0
-915.9789947486872	1.0
-915.4788697174293	1.0
-914.9787446861716	1.0
-914.4786196549137	1.0
-913.9784946236559	1.0
-913.478369592398	1.0
-912.9782445611403	1.0
-912.4781195298824	1.0
-911.9779944986246	1.0
-911.4778694673669	1.0
-910.977744436109	1.0
-910.4776194048512	1.0
-909.9774943735933	1.0
-909.4773693423356	1.0
-908.9772443110778	1.0
-908.4771192798199	1.0
-907.9769942485622	1.0
-907.4768692173043	1.0
-906.9767441860465	1.0
-906.4766191547888	1.0
-905.9764941235309	1.0
-905.4763690922731	1.0
-904.9762440610152	1.0
-904.4761190297575	1.0
-903.9759939984996	1.0
-903.4758689672418	1.0
-902.9757439359839	1.0
-902.4756189047262	1.0
-901.9754938734684	1.0
-901.4753688422105	1.0
-900.9752438109527	1.0
-900.4751187796949	1.0
-899.9749937484371	1.0
-899.4748687171793	1.0
-898.9747436859215	1.0
-898.4746186546637	1.0
-897.9744936234058	1.0
-897.474368592148	1.0
-896.9742435608903	1.0
-896.4741185296324	1.0
-895.9739934983746	1.0
-895.4738684671167	1.0
-894.973743435859	1.0
-894.4736184046011	1.0
-893.9734933733433	1.0
-893.4733683420855	1.0
-892.9732433108277	1.0
-892.4731182795699	1.0
-891.972993248312	1.0
-891.4728682170543	1.0
-890.9727431857964	1.0
-890.4726181545386	1.0
-889.9724931232809	1.0
-889.472368092023	1.0
-888.9722430607652	1.0
-888.4721180295073	1.0
-887.9719929982496	1.0
-887.4718679669918	1.0
-886.9717429357339	1.0
-886.4716179044761	1.0
-885.9714928732183	1.0
-885.4713678419605	1.0
-884.9712428107026	1.0
-884.4711177794449	1.0
-883.9709927481871	1.0
-883.4708677169292	1.0
-882.9707426856714	1.0
-882.4706176544136	1.0
-881.9704926231558	1.0
-881.4703675918979	1.0
-880.9702425606401	1.0
-880.4701175293824	1.0
-879.9699924981245	1.0
-879.4698674668667	1.0
-878.9697424356089	1.0
-878.4696174043511	1.0
-877.9694923730933	1.0
-877.4693673418354	1.0
-876.9692423105777	1.0
-876.4691172793198	1.0
-875.968992248062	1.0
-875.4688672168043	1.0
-874.9687421855464	1.0
-874.4686171542886	1.0
-873.9684921230307	1.0
-873.468367091773	1.0
-872.9682420605151	1.0
-872.4681170292573	1.0
-871.9679919979994	1.0
-871.4678669667417	1.0
-870.9677419354839	1.0
-870.467616904226	1.0
-869.9674918729683	1.0
-869.4673668417104	1.0
-868.9672418104526	1.0
-868.4671167791948	1.0
-867.966991747937	1.0
-867.4668667166792	1.0
-866.9667416854213	1.0
-866.4666166541635	1.0
-865.9664916229058	1.0
-865.4663665916479	1.0
-864.96624156039	1.0
-864.4661165291323	1.0
-863.9659914978745	1.0
-863.4658664666166	1.0
-862.9657414353588	1.0
-862.465616404101	1.0
-861.9654913728432	1.0
-861.4653663415854	1.0
-860.9652413103275	1.0
-860.4651162790698	1.0
-859.9649912478119	1.0
-859.4648662165541	1.0
-858.9647411852964	1.0
-858.4646161540385	1.0
-857.9644911227807	1.0
-857.4643660915228	1.0
-856.9642410602651	1.0
-856.4641160290073	1.0
-855.9639909977494	1.0
-855.4638659664917	1.0
-854.9637409352338	1.0
-854.463615903976	1.0
-853.9634908727182	1.0
-853.4633658414604	1.0
-852.9632408102025	1.0
-852.4631157789447	1.0
-851.962990747687	1.0
-851.4628657164291	1.0
-850.9627406851713	1.0
-850.4626156539134	1.0
-849.9624906226557	1.0
-849.4623655913979	1.0
-848.96224056014	1.0
-848.4621155288822	1.0
-847.9619904976244	1.0
-847.4618654663666	1.0
-846.9617404351088	1.0
-846.4616154038509	1.0
-845.9614903725932	1.0
-845.4613653413353	1.0
-844.9612403100775	1.0
-844.4611152788198	1.0
-843.9609902475619	1.0
-843.460865216304	1.0
-842.9607401850462	1.0
-842.4606151537885	1.0
-841.9604901225306	1.0
-841.4603650912728	1.0
-840.9602400600149	1.0
-840.4601150287572	1.0
-839.9599899974994	1.0
-839.4598649662415	1.0
-838.9597399349838	1.0
-838.4596149037259	1.0
-837.9594898724681	1.0
-837.4593648412103	1.0
-836.9592398099525	1.0
-836.4591147786947	1.0
-835.9589897474368	1.0
-835.458864716179	1.0
-834.9587396849213	1.0
-834.4586146536634	1.0
-833.9584896224055	1.0
-833.4583645911478	1.0
-832.95823955989	1.0
-832.4581145286321	1.0
-831.9579894973743	1.0
-831.4578644661165	1.0
-830.9577394348587	1.0
-830.4576144036009	1.0
-829.957489372343	1.0
-829.4573643410853	1.0
-828.9572393098274	1.0
-828.4571142785696	1.0
-827.9569892473119	1.0
-827.456864216054	1.0
-826.9567391847962	1.0
-826.4566141535383	1.0
-825.9564891222806	1.0
-825.4563640910228	1.0
-824.9562390597649	1.0
-824.456114028507	1.0
-823.9559889972493	1.0
-823.4558639659915	1.0
-822.9557389347336	1.0
-822.4556139034759	1.0
-821.955488872218	1.0
-821.4553638409602	1.0
-820.9552388097025	1.0
-820.4551137784446	1.0
-819.9549887471868	1.0
-819.4548637159289	1.0
-818.9547386846712	1.0
-818.4546136534134	1.0
-817.9544886221555	1.0
-817.4543635908977	1.0
-816.9542385596399	1.0
-816.4541135283821	1.0
-815.9539884971243	1.0
-815.4538634658664	1.0
-814.9537384346087	1.0
-814.4536134033508	1.0
-813.953488372093	1.0
-813.4533633408352	1.0
-812.9532383095774	1.0
-812.4531132783195	1.0
-811.9529882470617	1.0
-811.452863215804	1.0
-810.9527381845461	1.0
-810.4526131532883	1.0
-809.9524881220304	1.0
-809.4523630907727	1.0
-808.9522380595149	1.0
-808.452113028257	1.0
-807.9519879969993	1.0
-807.4518629657414	1.0
-806.9517379344836	1.0
-806.4516129032259	1.0
-805.951487871968	1.0
-805.4513628407102	1.0
-804.9512378094523	1.0
-804.4511127781946	1.0
-803.9509877469368	1.0
-803.4508627156789	1.0
-802.950737684421	1.0
-802.4506126531633	1.0
-801.9504876219055	1.0
-801.4503625906476	1.0
-800.9502375593898	1.0
-800.450112528132	1.0
-799.9499874968742	1.0
-799.4498624656164	1.0
-798.9497374343586	1.0
-798.4496124031008	1.0
-797.9494873718429	1.0
-797.4493623405851	1.0
-796.9492373093274	1.0
-796.4491122780695	1.0
-795.9489872468117	1.0
-795.4488622155538	1.0
-794.9487371842961	1.0
-794.4486121530383	1.0
-793.9484871217804	1.0
-793.4483620905226	1.0
-792.9482370592648	1.0
-792.448112028007	1.0
-791.9479869967491	1.0
-791.4478619654914	1.0
-790.9477369342335	1.0
-790.4476119029757	1.0
-789.947486871718	1.0
-789.4473618404601	1.0
-788.9472368092023	1.0
-788.4471117779444	1.0
-787.9469867466867	1.0
-787.4468617154289	1.0
-786.946736684171	1.0
-786.4466116529132	1.0
-785.9464866216554	1.0
-785.4463615903976	1.0
-784.9462365591398	1.0
-784.446111527882	1.0
-783.9459864966241	1.0
-783.4458614653663	1.0
-782.9457364341085	1.0
-782.4456114028507	1.0
-781.9454863715929	1.0
-781.445361340335	1.0
-780.9452363090772	1.0
-780.4451112778195	1.0
-779.9449862465616	1.0
-779.4448612153038	1.0
-778.944736184046	1.0
-778.4446111527882	1.0
-777.9444861215304	1.0
-777.4443610902725	1.0
-776.9442360590148	1.0
-776.4441110277569	1.0
-775.9439859964991	1.0
-775.4438609652414	1.0
-774.9437359339835	1.0
-774.4436109027256	1.0
-773.9434858714678	1.0
-773.4433608402101	1.0
-772.9432358089522	1.0
-772.4431107776944	1.0
-771.9429857464365	1.0
-771.4428607151788	1.0
-770.942735683921	1.0
-770.4426106526631	1.0
-769.9424856214054	1.0
-769.4423605901475	1.0
-768.9422355588897	1.0
-768.4421105276319	1.0
-767.9419854963741	1.0
-767.4418604651163	1.0
-766.9417354338584	1.0
-766.4416104026006	1.0
-765.9414853713429	1.0
-765.441360340085	1.0
-764.9412353088272	1.0
-764.4411102775694	1.0
-763.9409852463116	1.0
-763.4408602150538	1.0
-762.9407351837959	1.0
-762.440610152538	1.0
-761.9404851212803	1.0
-761.4403600900225	1.0
-760.9402350587646	1.0
-760.4401100275069	1.0
-759.939984996249	1.0
-759.4398599649912	1.0
-758.9397349337335	1.0
-758.4396099024756	1.0
-757.9394848712178	1.0
-757.4393598399599	1.0
-756.9392348087022	1.0
-756.4391097774444	1.0
-755.9389847461865	1.0
-755.4388597149288	1.0
-754.9387346836709	1.0
-754.4386096524131	1.0
-753.9384846211553	1.0
-753.4383595898975	1.0
-752.9382345586396	1.0
-752.4381095273818	1.0
-751.937984496124	1.0
-751.4378594648662	1.0
-750.9377344336084	1.0
-750.4376094023505	1.0
-749.9374843710928	1.0
-749.437359339835	1.0
-748.9372343085771	1.0
-748.4371092773193	1.0
-747.9369842460615	1.0
-747.4368592148037	1.0
-746.9367341835459	1.0
-746.436609152288	1.0
-745.9364841210303	1.0
-745.4363590897724	1.0
-744.9362340585146	1.0
-744.4361090272569	1.0
-743.935983995999	1.0
-743.4358589647411	1.0
-742.9357339334833	1.0
-742.4356089022256	1.0
-741.9354838709678	1.0
-741.4353588397099	1.0
-740.935233808452	1.0
-740.4351087771943	1.0
-739.9349837459365	1.0
-739.4348587146786	1.0
-738.9347336834209	1.0
-738.434608652163	1.0
-737.9344836209052	1.0
-737.4343585896474	1.0
-736.9342335583896	1.0
-736.4341085271317	1.0
-735.9339834958739	1.0
-735.4338584646162	1.0
-734.9337334333584	1.0
-734.4336084021005	1.0
-733.9334833708426	1.0
-733.4333583395849	1.0
-732.9332333083271	1.0
-732.4331082770693	1.0
-731.9329832458114	1.0
-731.4328582145536	1.0
-730.9327331832958	1.0
-730.432608152038	1.0
-729.9324831207801	1.0
-729.4323580895224	1.0
-728.9322330582645	1.0
-728.4321080270067	1.0
-727.931982995749	1.0
-727.4318579644911	1.0
-726.9317329332332	1.0
-726.4316079019754	1.0
-725.9314828707177	1.0
-725.4313578394599	1.0
-724.931232808202	1.0
-724.4311077769441	1.0
-723.9309827456864	1.0
-723.4308577144286	1.0
-722.9307326831708	1.0
-722.430607651913	1.0
-721.9304826206551	1.0
-721.4303575893973	1.0
-720.9302325581396	1.0
-720.4301075268818	1.0
-719.9299824956239	1.0
-719.429857464366	1.0
-718.9297324331083	1.0
-718.4296074018505	1.0
-717.9294823705926	1.0
-717.4293573393347	1.0
-716.929232308077	1.0
-716.4291072768192	1.0
-715.9289822455614	1.0
-715.4288572143035	1.0
-714.9287321830457	1.0
-714.4286071517879	1.0
-713.9284821205301	1.0
-713.4283570892724	1.0
-712.9282320580145	1.0
-712.4281070267566	1.0
-711.9279819954988	1.0
-711.4278569642411	1.0
-710.9277319329833	1.0
-710.4276069017254	1.0
-709.9274818704675	1.0
-709.4273568392098	1.0
-708.927231807952	1.0
-708.4271067766941	1.0
-707.9269817454364	1.0
-707.4268567141785	1.0
-706.9267316829207	1.0
-706.426606651663	1.0
-705.9264816204051	1.0
-705.4263565891472	1.0
-704.9262315578894	1.0
-704.4261065266317	1.0
-703.9259814953739	1.0
-703.425856464116	1.0
-702.9257314328581	1.0
-702.4256064016004	1.0
-701.9254813703426	1.0
-701.4253563390848	1.0
-700.925231307827	1.0
-700.4251062765691	1.0
-699.9249812453113	1.0
-699.4248562140535	1.0
-698.9247311827957	1.0
-698.4246061515379	1.0
-697.92448112028	1.0
-697.4243560890222	1.0
-696.9242310577645	1.0
-696.4241060265066	1.0
-695.9239809952487	1.0
-695.423855963991	1.0
-694.9237309327332	1.0
-694.4236059014754	1.0
-693.9234808702175	1.0
-693.4233558389597	1.0
-692.9232308077019	1.0
-692.4231057764441	1.0
-691.9229807451864	1.0
-691.4228557139285	1.0
-690.9227306826706	1.0
-690.4226056514128	1.0
-689.922480620155	1.0
-689.4223555888972	1.0
-688.9222305576394	1.0
-688.4221055263815	1.0
-687.9219804951238	1.0
-687.421855463866	1.0
-686.9217304326081	1.0
-686.4216054013502	1.0
-685.9214803700925	1.0
-685.4213553388347	1.0
-684.9212303075769	1.0
-684.421105276319	1.0
-683.9209802450612	1.0
-683.4208552138034	1.0
-682.9207301825456	1.0
-682.4206051512879	1.0
-681.92048012003	1.0
-681.4203550887721	1.0
-680.9202300575143	1.0
-680.4201050262566	1.0
-679.9199799949987	1.0
-679.4198549637409	1.0
-678.919729932483	1.0
-678.4196049012253	1.0
-677.9194798699675	1.0
-677.4193548387096	1.0
-676.9192298074518	1.0
-676.419104776194	1.0
-675.9189797449362	1.0
-675.4188547136785	1.0
-674.9187296824206	1.0
-674.4186046511627	1.0
-673.9184796199049	1.0
-673.4183545886472	1.0
-672.9182295573894	1.0
-672.4181045261315	1.0
-671.9179794948736	1.0
-671.4178544636159	1.0
-670.9177294323581	1.0
-670.4176044011003	1.0
-669.9174793698425	1.0
-669.4173543385846	1.0
-668.9172293073268	1.0
-668.417104276069	1.0
-667.9169792448112	1.0
-667.4168542135534	1.0
-666.9167291822955	1.0
-666.4166041510377	1.0
-665.91647911978	1.0
-665.4163540885221	1.0
-664.9162290572642	1.0
-664.4161040260065	1.0
-663.9159789947487	1.0
-663.4158539634909	1.0
-662.915728932233	1.0
-662.4156039009752	1.0
-661.9154788697174	1.0
-661.4153538384596	1.0
-660.9152288072019	1.0
-660.415103775944	1.0
-659.9149787446861	1.0
-659.4148537134283	1.0
-658.9147286821706	1.0
-658.4146036509127	1.0
-657.9144786196549	1.0
-657.414353588397	1.0
-656.9142285571393	1.0
-656.4141035258815	1.0
-655.9139784946236	1.0
-655.4138534633657	1.0
-654.913728432108	1.0
-654.4136034008502	1.0
-653.9134783695924	1.0
-653.4133533383346	1.0
-652.9132283070767	1.0
-652.4131032758189	1.0
-651.9129782445611	1.0
-651.4128532133034	1.0
-650.9127281820455	1.0
-650.4126031507876	1.0
-649.9124781195299	1.0
-649.4123530882721	1.0
-648.9122280570142	1.0
-648.4121030257564	1.0
-647.9119779944986	1.0
-647.4118529632408	1.0
-646.911727931983	1.0
-646.4116029007251	1.0
-645.9114778694673	1.0
-645.4113528382095	1.0
-644.9112278069517	1.0
-644.411102775694	1.0
-643.9109777444361	1.0
-643.4108527131782	1.0
-642.9107276819204	1.0
-642.4106026506627	1.0
-641.9104776194049	1.0
-641.410352588147	1.0
-640.9102275568891	1.0
-640.4101025256314	1.0
-639.9099774943736	1.0
-639.4098524631157	1.0
-638.909727431858	1.0
-638.4096024006001	1.0
-637.9094773693423	1.0
-637.4093523380845	1.0
-636.9092273068267	1.0
-636.4091022755688	1.0
-635.908977244311	1.0
-635.4088522130533	1.0
-634.9087271817955	1.0
-634.4086021505376	1.0
-633.9084771192797	1.0
-633.408352088022	1.0
-632.9082270567642	1.0
-632.4081020255064	1.0
-631.9079769942485	1.0
-631.4078519629907	1.0
-630.9077269317329	1.0
-630.4076019004751	1.0
-629.9074768692174	1.0
-629.4073518379595	1.0
-628.9072268067016	1.0
-628.4071017754438	1.0
-627.9069767441861	1.0
-627.4068517129282	1.0
-626.9067266816703	1.0
-626.4066016504125	1.0
-625.9064766191548	1.0
-625.406351587897	1.0
-624.9062265566391	1.0
-624.4061015253812	1.0
-623.9059764941235	1.0
-623.4058514628657	1.0
-622.905726431608	1.0
-622.4056014003501	1.0
-621.9054763690922	1.0
-621.4053513378344	1.0
-620.9052263065767	1.0
-620.4051012753189	1.0
-619.904976244061	1.0
-619.4048512128031	1.0
-618.9047261815454	1.0
-618.4046011502876	1.0
-617.9044761190297	1.0
-617.4043510877719	1.0
-616.9042260565141	1.0
-616.4041010252563	1.0
-615.9039759939985	1.0
-615.4038509627406	1.0
-614.9037259314828	1.0
-614.403600900225	1.0
-613.9034758689672	1.0
-613.4033508377095	1.0
-612.9032258064516	1.0
-612.4031007751937	1.0
-611.9029757439359	1.0
-611.4028507126782	1.0
-610.9027256814204	1.0
-610.4026006501625	1.0
-609.9024756189046	1.0
-609.4023505876469	1.0
-608.9022255563891	1.0
-608.4021005251312	1.0
-607.9019754938735	1.0
-607.4018504626156	1.0
-606.9017254313578	1.0
-606.4016004001	1.0
-605.9014753688422	1.0
-605.4013503375843	1.0
-604.9012253063265	1.0
-604.4011002750688	1.0
-603.900975243811	1.0
-603.4008502125531	1.0
-602.9007251812952	1.0
-602.4006001500375	1.0
-601.9004751187797	1.0
-601.4003500875219	1.0
-600.900225056264	1.0
-600.4001000250062	1.0
-599.8999749937484	1.0
-599.3998499624906	1.0
-598.8997249312328	1.0
-598.399599899975	1.0
-597.8994748687171	1.0
-597.3993498374593	1.0
-596.8992248062016	1.0
-596.3990997749437	1.0
-595.8989747436858	1.0
-595.398849712428	1.0
-594.8987246811703	1.0
-594.3985996499125	1.0
-593.8984746186546	1.0
-593.3983495873968	1.0
-592.898224556139	1.0
-592.3980995248812	1.0
-591.8979744936235	1.0
-591.3978494623656	1.0
-590.8977244311077	1.0
-590.3975993998499	1.0
-589.8974743685922	1.0
-589.3973493373343	1.0
-588.8972243060765	1.0
-588.3970992748186	1.0
-587.8969742435609	1.0
-587.3968492123031	1.0
-586.8967241810452	1.0
-586.3965991497873	1.0
-585.8964741185296	1.0
-585.3963490872718	1.0
-584.896224056014	1.0
-584.3960990247562	1.0
-583.8959739934983	1.0
-583.3958489622405	1.0
-582.8957239309827	1.0
-582.395598899725	1.0
-581.8954738684671	1.0
-581.3953488372092	1.0
-580.8952238059514	1.0
-580.3950987746937	1.0
-579.8949737434359	1.0
-579.394848712178	1.0
-578.8947236809202	1.0
-578.3945986496624	1.0
-577.8944736184046	1.0
-577.3943485871467	1.0
-576.8942235558889	1.0
-576.3940985246311	1.0
-575.8939734933733	1.0
-575.3938484621156	1.0
-574.8937234308577	1.0
-574.3935983995998	1.0
-573.893473368342	1.0
-573.3933483370843	1.0
-572.8932233058265	1.0
-572.3930982745686	1.0
-571.8929732433107	1.0
-571.392848212053	1.0
-570.8927231807952	1.0
-570.3925981495374	1.0
-569.8924731182796	1.0
-569.3923480870217	1.0
-568.8922230557639	1.0
-568.3920980245061	1.0
-567.8919729932483	1.0
-567.3918479619905	1.0
-566.8917229307326	1.0
-566.3915978994748	1.0
-565.8914728682171	1.0
-565.3913478369592	1.0
-564.8912228057013	1.0
-564.3910977744436	1.0
-563.8909727431858	1.0
-563.390847711928	1.0
-562.8907226806701	1.0
-562.3905976494123	1.0
-561.8904726181545	1.0
-561.3903475868967	1.0
-560.890222555639	1.0
-560.3900975243811	1.0
-559.8899724931232	1.0
-559.3898474618654	1.0
-558.8897224306077	1.0
-558.3895973993498	1.0
-557.889472368092	1.0
-557.3893473368341	1.0
-556.8892223055764	1.0
-556.3890972743186	1.0
-555.8889722430607	1.0
-555.3888472118028	1.0
-554.8887221805451	1.0
-554.3885971492873	1.0
-553.8884721180295	1.0
-553.3883470867717	1.0
-552.8882220555138	1.0
-552.388097024256	1.0
-551.8879719929982	1.0
-551.3878469617405	1.0
-550.8877219304826	1.0
-550.3875968992247	1.0
-549.887471867967	1.0
-549.3873468367092	1.0
-548.8872218054513	1.0
-548.3870967741935	1.0
-547.8869717429357	1.0
-547.3868467116779	1.0
-546.8867216804201	1.0
-546.3865966491622	1.0
-545.8864716179044	1.0
-545.3863465866466	1.0
-544.8862215553888	1.0
-544.3860965241311	1.0
-543.8859714928732	1.0
-543.3858464616153	1.0
-542.8857214303575	1.0
-542.3855963990998	1.0
-541.885471367842	1.0
-541.3853463365841	1.0
-540.8852213053262	1.0
-540.3850962740685	1.0
-539.8849712428107	1.0
-539.3848462115529	1.0
-538.8847211802951	1.0
-538.3845961490372	1.0
-537.8844711177794	1.0
-537.3843460865216	1.0
-536.8842210552638	1.0
-536.3840960240059	1.0
-535.8839709927481	1.0
-535.3838459614904	1.0
-534.8837209302326	1.0
-534.3835958989747	1.0
-533.8834708677168	1.0
-533.3833458364591	1.0
-532.8832208052013	1.0
-532.3830957739435	1.0
-531.8829707426856	1.0
-531.3828457114278	1.0
-530.88272068017	1.0
-530.3825956489122	1.0
-529.8824706176545	1.0
-529.3823455863966	1.0
-528.8822205551387	1.0
-528.3820955238809	1.0
-527.8819704926232	1.0
-527.3818454613653	1.0
-526.8817204301075	1.0
-526.3815953988496	1.0
-525.8814703675919	1.0
-525.3813453363341	1.0
-524.8812203050762	1.0
-524.3810952738183	1.0
-523.8809702425606	1.0
-523.3808452113028	1.0
-522.880720180045	1.0
-522.3805951487872	1.0
-521.8804701175293	1.0
-521.3803450862715	1.0
-520.8802200550138	1.0
-520.380095023756	1.0
-519.8799699924981	1.0
-519.3798449612402	1.0
-518.8797199299825	1.0
-518.3795948987247	1.0
-517.8794698674668	1.0
-517.379344836209	1.0
-516.8792198049512	1.0
-516.3790947736934	1.0
-515.8789697424356	1.0
-515.3788447111777	1.0
-514.8787196799199	1.0
-514.3785946486621	1.0
-513.8784696174043	1.0
-513.3783445861466	1.0
-512.8782195548887	1.0
-512.3780945236308	1.0
-511.87796949237304	1.0
-511.3778444611152	1.0
-510.87771942985745	1.0
-510.3775943985996	1.0
-509.8774693673418	1.0
-509.377344336084	1.0
-508.87721930482616	1.0
-508.37709427356833	1.0
-507.87696924231057	1.0
-507.37684421105274	1.0
-506.8767191797949	1.0
-506.3765941485371	1.0
-505.87646911727927	1.0
-505.37634408602145	1.0
-504.8762190547637	1.0
-504.37609402350586	1.0
-503.87596899224803	1.0
-503.3758439609902	1.0
-502.8757189297324	1.0
-502.37559389847456	1.0
-501.8754688672168	1.0
-501.375343835959	1.0
-500.87521880470115	1.0
-500.3750937734433	1.0
-499.8749687421855	1.0
-499.3748437109277	1.0
-498.87471867966985	1.0
-498.3745936484121	1.0
-497.87446861715426	1.0
-497.37434358589644	1.0
-496.8742185546386	1.0
-496.3740935233808	1.0
-495.87396849212297	1.0
-495.3738434608652	1.0
-494.8737184296074	1.0
-494.37359339834956	1.0
-493.87346836709173	1.0
-493.3733433358339	1.0
-492.8732183045761	1.0
-492.3730932733183	1.0
-491.8729682420605	1.0
-491.37284321080267	1.0
-490.87271817954485	1.0
-490.372593148287	1.0
-489.8724681170292	1.0
-489.37234308577143	1.0
-488.8722180545136	1.0
-488.3720930232558	1.0
-487.87196799199796	1.0
-487.3718429607402	1.0
-486.8717179294823	1.0
-486.37159289822455	1.0
-485.87146786696667	1.0
-485.3713428357089	1.0
-484.871217804451	1.0
-484.37109277319325	1.0
-483.8709677419355	1.0
-483.3708427106776	1.0
-482.87071767941984	1.0
-482.37059264816196	1.0
-481.8704676169042	1.0
-481.3703425856464	1.0
-480.87021755438855	1.0
-480.3700925231308	1.0
-479.8699674918729	1.0
-479.36984246061513	1.0
-478.86971742935725	1.0
-478.3695923980995	1.0
-477.8694673668417	1.0
-477.36934233558384	1.0
-476.86921730432607	1.0
-476.3690922730682	1.0
-475.8689672418104	1.0
-475.36884221055266	1.0
-474.8687171792948	1.0
-474.368592148037	1.0
-473.86846711677913	1.0
-473.36834208552136	1.0
-472.8682170542635	1.0
-472.3680920230057	1.0
-471.86796699174795	1.0
-471.36784196049007	1.0
-470.8677169292323	1.0
-470.3675918979744	1.0
-469.86746686671665	1.0
-469.3673418354588	1.0
-468.867216804201	1.0
-468.36709177294324	1.0
-467.86696674168536	1.0
-467.3668417104276	1.0
-466.8667166791697	1.0
-466.36659164791195	1.0
-465.8664666166542	1.0
-465.3663415853963	1.0
-464.86621655413853	1.0
-464.36609152288065	1.0
-463.8659664916229	1.0
-463.365841460365	1.0
-462.86571642910724	1.0
-462.36559139784947	1.0
-461.8654663665916	1.0
-461.3653413353338	1.0
-460.86521630407594	1.0
-460.3650912728182	1.0
-459.8649662415603	1.0
-459.36484121030253	1.0
-458.86471617904476	1.0
-458.3645911477869	1.0
-457.8644661165291	1.0
-457.36434108527123	1.0
-456.86421605401347	1.0
-456.3640910227557	1.0
-455.8639659914978	1.0
-455.36384096024005	1.0
-454.8637159289822	1.0
-454.3635908977244	1.0
-453.8634658664665	1.0
-453.36334083520876	1.0
-452.863215803951	1.0
-452.3630907726931	1.0
-451.86296574143535	1.0
-451.36284071017747	1.0
-450.8627156789197	1.0
-450.36259064766193	1.0
-449.86246561640405	1.0
-449.3623405851463	1.0
-448.8622155538884	1.0
-448.36209052263064	1.0
-447.86196549137276	1.0
-447.361840460115	1.0
-446.8617154288572	1.0
-446.36159039759934	1.0
-445.8614653663416	1.0
-445.3613403350837	1.0
-444.86121530382593	1.0
-444.36109027256805	1.0
-443.8609652413103	1.0
-443.3608402100525	1.0
-442.86071517879463	1.0
-442.36059014753687	1.0
-441.860465116279	1.0
-441.3603400850212	1.0
-440.86021505376345	1.0
-440.3600900225056	1.0
-439.8599649912478	1.0
-439.3598399599899	1.0
-438.85971492873216	1.0
-438.3595898974743	1.0
-437.8594648662165	1.0
-437.35933983495875	1.0
-436.85921480370087	1.0
-436.3590897724431	1.0
-435.8589647411852	1.0
-435.35883970992745	1.0
-434.85871467866957	1.0
-434.3585896474118	1.0
-433.85846461615404	1.0
-433.35833958489616	1.0
-432.8582145536384	1.0
-432.3580895223805	1.0
-431.85796449112274	1.0
-431.357839459865	1.0
-430.8577144286071	1.0
-430.35758939734933	1.0
-429.85746436609145	1.0
-429.3573393348337	1.0
-428.8572143035758	1.0
-428.35708927231804	1.0
-427.85696424106027	1.0
-427.3568392098024	1.0
-426.8567141785446	1.0
-426.35658914728674	1.0
-425.856464116029	1.0
-425.3563390847712	1.0
-424.8562140535133	1.0
-424.35608902225556	1.0
-423.8559639909977	1.0
-423.3558389597399	1.0
-422.85571392848203	1.0
-422.35558889722427	1.0
-421.8554638659665	1.0
-421.3553388347086	1.0
-420.85521380345085	1.0
-420.35508877219297	1.0
-419.8549637409352	1.0
-419.3548387096773	1.0
-418.85471367841956	1.0
-418.3545886471618	1.0
-417.8544636159039	1.0
-417.35433858464614	1.0
-416.85421355338826	1.0
-416.3540885221305	1.0
-415.85396349087273	1.0
-415.35383845961485	1.0
-414.8537134283571	1.0
-414.3535883970992	1.0
-413.85346336584144	1.0
-413.35333833458355	1.0
-412.8532133033258	1.0
-412.353088272068	1.0
-411.85296324081014	1.0
-411.3528382095524	1.0
-410.8527131782945	1.0
-410.3525881470367	1.0
-409.85246311577885	1.0
-409.3523380845211	1.0
-408.8522130532633	1.0
-408.35208802200543	1.0
-407.85196299074767	1.0
-407.3518379594898	1.0
-406.851712928232	1.0
-406.35158789697425	1.0
-405.85146286571637	1.0
-405.3513378344586	1.0
-404.8512128032007	1.0
-404.35108777194296	1.0
-403.8509627406851	1.0
-403.3508377094273	1.0
-402.85071267816954	1.0
-402.35058764691166	1.0
-401.8504626156539	1.0
-401.350337584396	1.0
-400.85021255313825	1.0
-400.3500875218805	1.0
-399.8499624906226	1.0
-399.34983745936484	1.0
-398.84971242810695	1.0
-398.3495873968492	1.0
-397.8494623655913	1.0
-397.34933733433354	1.0
-396.8492123030758	1.0
-396.3490872718179	1.0
-395.8489622405601	1.0
-395.34883720930225	1.0
-394.8487121780445	1.0
-394.3485871467866	1.0
-393.84846211552883	1.0
-393.34833708427107	1.0
-392.8482120530132	1.0
-392.3480870217554	1.0
-391.84796199049754	1.0
-391.34783695923977	1.0
-390.847711927982	1.0
-390.3475868967241	1.0
-389.84746186546636	1.0
-389.3473368342085	1.0
-388.8472118029507	1.0
-388.34708677169283	1.0
-387.84696174043506	1.0
-387.3468367091773	1.0
-386.8467116779194	1.0
-386.34658664666165	1.0
-385.84646161540377	1.0
-385.346336584146	1.0
-384.8462115528881	1.0
-384.34608652163035	1.0
-383.8459614903726	1.0
-383.3458364591147	1.0
-382.84571142785694	1.0
-382.34558639659906	1.0
-381.8454613653413	1.0
-381.3453363340835	1.0
-380.84521130282565	1.0
-380.3450862715679	1.0
-379.84496124031	1.0
-379.34483620905223	1.0
-378.84471117779435	1.0
-378.3445861465366	1.0
-377.8444611152788	1.0
-377.34433608402094	1.0
-376.84421105276317	1.0
-376.3440860215053	1.0
-375.8439609902475	1.0
-375.34383595898976	1.0
-374.8437109277319	1.0
-374.3435858964741	1.0
-373.84346086521623	1.0
-373.34333583395846	1.0
-372.8432108027006	1.0
-372.3430857714428	1.0
-371.84296074018505	1.0
-371.34283570892717	1.0
-370.8427106776694	1.0
-370.3425856464115	1.0
-369.84246061515375	1.0
-369.3423355838959	1.0
-368.8422105526381	1.0
-368.34208552138034	1.0
-367.84196049012246	1.0
-367.3418354588647	1.0
-366.8417104276068	1.0
-366.34158539634905	1.0
-365.8414603650913	1.0
-365.3413353338334	1.0
-364.84121030257563	1.0
-364.34108527131775	1.0
-363.84096024006	1.0
-363.3408352088021	1.0
-362.84071017754434	1.0
-362.34058514628657	1.0
-361.8404601150287	1.0
-361.3403350837709	1.0
-360.84021005251304	1.0
-360.3400850212553	1.0
-359.8399599899974	1.0
-359.33983495873963	1.0
-358.83970992748186	1.0
-358.339584896224	1.0
-357.8394598649662	1.0
-357.33933483370834	1.0
-356.83920980245057	1.0
-356.3390847711928	1.0
-355.8389597399349	1.0
-355.33883470867715	1.0
-354.8387096774193	1.0
-354.3385846461615	1.0
-353.8384596149036	1.0
-353.33833458364586	1.0
-352.8382095523881	1.0
-352.3380845211302	1.0
-351.83795948987245	1.0
-351.33783445861457	1.0
-350.8377094273568	1.0
-350.33758439609903	1.0
-349.83745936484115	1.0
-349.3373343335834	1.0
-348.8372093023255	1.0
-348.33708427106774	1.0
-347.83695923980986	1.0
-347.3368342085521	1.0
-346.8367091772943	1.0
-346.33658414603644	1.0
-345.8364591147787	1.0
-345.3363340835208	1.0
-344.83620905226303	1.0
-344.33608402100515	1.0
-343.8359589897474	1.0
-343.3358339584896	1.0
-342.83570892723174	1.0
-342.33558389597397	1.0
-341.8354588647161	1.0
-341.3353338334583	1.0
-340.83520880220055	1.0
-340.3350837709427	1.0
-339.8349587396849	1.0
-339.334833708427	1.0
-338.83470867716926	1.0
-338.3345836459114	1.0
-337.8344586146536	1.0
-337.33433358339585	1.0
-336.83420855213797	1.0
-336.3340835208802	1.0
-335.8339584896223	1.0
-335.33383345836455	1.0
-334.8337084271068	1.0
-334.3335833958489	1.0
-333.83345836459114	1.0
-333.33333333333326	1.0
-332.8332083020755	1.0
-332.3330832708176	1.0
-331.83295823955984	1.0
-331.3328332083021	1.0
-330.8327081770442	1.0
-330.33258314578643	1.0
-329.83245811452855	1.0
-329.3323330832708	1.0
-328.8322080520129	1.0
-328.33208302075514	1.0
-327.83195798949737	1.0
-327.3318329582395	1.0
-326.8317079269817	1.0
-326.33158289572384	1.0
-325.8314578644661	1.0
-325.3313328332083	1.0
-324.8312078019504	1.0
-324.33108277069266	1.0
-323.8309577394348	1.0
-323.330832708177	1.0
-322.83070767691913	1.0
-322.33058264566137	1.0
-321.8304576144036	1.0
-321.3303325831457	1.0
-320.83020755188795	1.0
-320.33008252063007	1.0
-319.8299574893723	1.0
-319.3298324581144	1.0
-318.82970742685666	1.0
-318.3295823955989	1.0
-317.829457364341	1.0
-317.32933233308324	1.0
-316.82920730182536	1.0
-316.3290822705676	1.0
-315.82895723930983	1.0
-315.32883220805195	1.0
-314.8287071767942	1.0
-314.3285821455363	1.0
-313.82845711427854	1.0
-313.32833208302065	1.0
-312.8282070517629	1.0
-312.3280820205051	1.0
-311.82795698924724	1.0
-311.3278319579895	1.0
-310.8277069267316	1.0
-310.3275818954738	1.0
-309.82745686421606	1.0
-309.3273318329582	1.0
-308.8272068017004	1.0
-308.32708177044253	1.0
-307.82695673918477	1.0
-307.3268317079269	1.0
-306.8267066766691	1.0
-306.32658164541135	1.0
-305.82645661415347	1.0
-305.3263315828957	1.0
-304.8262065516378	1.0
-304.32608152038006	1.0
-303.8259564891222	1.0
-303.3258314578644	1.0
-302.82570642660664	1.0
-302.32558139534876	1.0
-301.825456364091	1.0
-301.3253313328331	1.0
-300.82520630157535	1.0
-300.3250812703176	1.0
-299.8249562390597	1.0
-299.32483120780194	1.0
-298.82470617654405	1.0
-298.3245811452863	1.0
-297.8244561140284	1.0
-297.32433108277064	1.0
-296.8242060515129	1.0
-296.324081020255	1.0
-295.8239559889972	1.0
-295.32383095773935	1.0
-294.8237059264816	1.0
-294.3235808952237	1.0
-293.82345586396593	1.0
-293.32333083270817	1.0
-292.8232058014503	1.0
-292.3230807701925	1.0
-291.82295573893464	1.0
-291.32283070767687	1.0
-290.8227056764191	1.0
-290.3225806451612	1.0
-289.82245561390346	1.0
-289.3223305826456	1.0
-288.8222055513878	1.0
-288.32208052012993	1.0
-287.82195548887216	1.0
-287.3218304576144	1.0
-286.8217054263565	1.0
-286.32158039509875	1.0
-285.82145536384087	1.0
-285.3213303325831	1.0
-284.82120530132534	1.0
-284.32108027006745	1.0
-283.8209552388097	1.0
-283.3208302075518	1.0
-282.82070517629404	1.0
-282.32058014503616	1.0
-281.8204551137784	1.0
-281.3203300825206	1.0
-280.82020505126275	1.0
-280.320080020005	1.0
-279.8199549887471	1.0
-279.31982995748933	1.0
-278.81970492623145	1.0
-278.3195798949737	1.0
-277.8194548637159	1.0
-277.31932983245804	1.0
-276.81920480120027	1.0
-276.3190797699424	1.0
-275.8189547386846	1.0
-275.31882970742686	1.0
-274.818704676169	1.0
-274.3185796449112	1.0
-273.81845461365333	1.0
-273.31832958239556	1.0
-272.8182045511377	1.0
-272.3180795198799	1.0
-271.81795448862215	1.0
-271.31782945736427	1.0
-270.8177044261065	1.0
-270.3175793948486	1.0
-269.81745436359085	1.0
-269.317329332333	1.0
-268.8172043010752	1.0
-268.31707926981744	1.0
-267.81695423855956	1.0
-267.3168292073018	1.0
-266.8167041760439	1.0
-266.31657914478615	1.0
-265.8164541135284	1.0
-265.3163290822705	1.0
-264.81620405101273	1.0
-264.31607901975485	1.0
-263.8159539884971	1.0
-263.3158289572392	1.0
-262.81570392598144	1.0
-262.31557889472367	1.0
-261.8154538634658	1.0
-261.315328832208	1.0
-260.81520380095014	1.0
-260.3150787696924	1.0
-259.8149537384346	1.0
-259.31482870717673	1.0
-258.81470367591896	1.0
-258.3145786446611	1.0
-257.8144536134033	1.0
-257.31432858214544	1.0
-256.81420355088767	1.0
-256.3140785196299	1.0
-255.81395348837202	1.0
-255.31382845711425	1.0
-254.81370342585637	1.0
-254.3135783945986	1.0
-253.81345336334073	1.0
-253.31332833208296	1.0
-252.8132033008252	1.0
-252.3130782695673	1.0
-251.81295323830955	1.0
-251.31282820705167	1.0
-250.8127031757939	1.0
-250.31257814453613	1.0
-249.81245311327825	1.0
-249.31232808202049	1.0
-248.8122030507626	1.0
-248.31207801950484	1.0
-247.81195298824696	1.0
-247.3118279569892	1.0
-246.81170292573142	1.0
-246.31157789447354	1.0
-245.81145286321578	1.0
-245.3113278319579	1.0
-244.81120280070013	1.0
-244.31107776944225	1.0
-243.81095273818448	1.0
-243.31082770692672	1.0
-242.81070267566884	1.0
-242.31057764441107	1.0
-241.8104526131532	1.0
-241.31032758189542	1.0
-240.81020255063765	1.0
-240.31007751937977	1.0
-239.809952488122	1.0
-239.30982745686413	1.0
-238.80970242560636	1.0
-238.30957739434848	1.0
-237.8094523630907	1.0
-237.30932733183295	1.0
-236.80920230057507	1.0
-236.3090772693173	1.0
-235.80895223805942	1.0
-235.30882720680165	1.0
-234.80870217554389	1.0
-234.308577144286	1.0
-233.80845211302824	1.0
-233.30832708177036	1.0
-232.8082020505126	1.0
-232.3080770192547	1.0
-231.80795198799694	1.0
-231.30782695673918	1.0
-230.8077019254813	1.0
-230.30757689422353	1.0
-229.80745186296565	1.0
-229.30732683170788	1.0
-228.80720180045	1.0
-228.30707676919224	1.0
-227.80695173793447	1.0
-227.3068267066766	1.0
-226.80670167541882	1.0
-226.30657664416094	1.0
-225.80645161290317	1.0
-225.3063265816454	1.0
-224.80620155038753	1.0
-224.30607651912976	1.0
-223.80595148787188	1.0
-223.3058264566141	1.0
-222.80570142535623	1.0
-222.30557639409847	1.0
-221.8054513628407	1.0
-221.30532633158282	1.0
-220.80520130032505	1.0
-220.30507626906717	1.0
-219.8049512378094	1.0
-219.30482620655164	1.0
-218.80470117529376	1.0
-218.304576144036	1.0
-217.8044511127781	1.0
-217.30432608152034	1.0
-216.80420105026246	1.0
-216.3040760190047	1.0
-215.80395098774693	1.0
-215.30382595648905	1.0
-214.80370092523128	1.0
-214.3035758939734	1.0
-213.80345086271564	1.0
-213.30332583145776	1.0
-212.8032008002	1.0
-212.30307576894222	1.0
-211.80295073768434	1.0
-211.30282570642657	1.0
-210.8027006751687	1.0
-210.30257564391093	1.0
-209.80245061265316	1.0
-209.30232558139528	1.0
-208.8022005501375	1.0
-208.30207551887963	1.0
-207.80195048762187	1.0
-207.30182545636399	1.0
-206.80170042510622	1.0
-206.30157539384845	1.0
-205.80145036259057	1.0
-205.3013253313328	1.0
-204.80120030007492	1.0
-204.30107526881716	1.0
-203.80095023755928	1.0
-203.3008252063015	1.0
-202.80070017504374	1.0
-202.30057514378586	1.0
-201.8004501125281	1.0
-201.30032508127022	1.0
-200.80020005001245	1.0
-200.30007501875468	1.0
-199.7999499874968	1.0
-199.29982495623904	1.0
-198.79969992498116	1.0
-198.2995748937234	1.0
-197.7994498624655	1.0
-197.29932483120774	1.0
-196.79919979994997	1.0
-196.2990747686921	1.0
-195.79894973743433	1.0
-195.29882470617645	1.0
-194.79869967491868	1.0
-194.2985746436609	1.0
-193.79844961240303	1.0
-193.29832458114527	1.0
-192.79819954988739	1.0
-192.29807451862962	1.0
-191.79794948737174	1.0
-191.29782445611397	1.0
-190.7976994248562	1.0
-190.29757439359832	1.0
-189.79744936234056	1.0
-189.29732433108268	1.0
-188.7971992998249	1.0
-188.29707426856703	1.0
-187.79694923730926	1.0
-187.2968242060515	1.0
-186.79669917479362	1.0
-186.29657414353585	1.0
-185.79644911227797	1.0
-185.2963240810202	1.0
-184.79619904976244	1.0
-184.29607401850456	1.0
-183.7959489872468	1.0
-183.2958239559889	1.0
-182.79569892473114	1.0
-182.29557389347326	1.0
-181.7954488622155	1.0
-181.29532383095773	1.0
-180.79519879969985	1.0
-180.29507376844208	1.0
-179.7949487371842	1.0
-179.29482370592643	1.0
-178.79469867466855	1.0
-178.29457364341079	1.0
-177.79444861215302	1.0
-177.29432358089514	1.0
-176.79419854963737	1.0
-176.2940735183795	1.0
-175.79394848712172	1.0
-175.29382345586396	1.0
-174.79369842460608	1.0
-174.2935733933483	1.0
-173.79344836209043	1.0
-173.29332333083266	1.0
-172.79319829957478	1.0
-172.29307326831702	1.0
-171.79294823705925	1.0
-171.29282320580137	1.0
-170.7926981745436	1.0
-170.29257314328572	1.0
-169.79244811202796	1.0
-169.2923230807702	1.0
-168.7921980495123	1.0
-168.29207301825454	1.0
-167.79194798699666	1.0
-167.2918229557389	1.0
-166.791697924481	1.0
-166.29157289322325	1.0
-165.79144786196548	1.0
-165.2913228307076	1.0
-164.79119779944983	1.0
-164.29107276819195	1.0
-163.79094773693419	1.0
-163.2908227056763	1.0
-162.79069767441854	1.0
-162.29057264316077	1.0
-161.7904476119029	1.0
-161.29032258064512	1.0
-160.79019754938724	1.0
-160.29007251812948	1.0
-159.7899474868717	1.0
-159.28982245561383	1.0
-158.78969742435606	1.0
-158.28957239309818	1.0
-157.78944736184042	1.0
-157.28932233058254	1.0
-156.78919729932477	1.0
-156.289072268067	1.0
-155.78894723680912	1.0
-155.28882220555136	1.0
-154.78869717429347	1.0
-154.2885721430357	1.0
-153.78844711177783	1.0
-153.28832208052006	1.0
-152.7881970492623	1.0
-152.2880720180044	1.0
-151.78794698674665	1.0
-151.28782195548877	1.0
-150.787696924231	1.0
-150.28757189297323	1.0
-149.78744686171535	1.0
-149.28732183045759	1.0
-148.7871967991997	1.0
-148.28707176794194	1.0
-147.78694673668406	1.0
-147.2868217054263	1.0
-146.78669667416852	1.0
-146.28657164291064	1.0
-145.78644661165288	1.0
-145.286321580395	1.0
-144.78619654913723	1.0
-144.28607151787946	1.0
-143.78594648662158	1.0
-143.28582145536382	1.0
-142.78569642410594	1.0
-142.28557139284817	1.0
-141.7854463615903	1.0
-141.28532133033252	1.0
-140.78519629907476	1.0
-140.28507126781687	1.0
-139.7849462365591	1.0
-139.28482120530123	1.0
-138.78469617404346	1.0
-138.28457114278558	1.0
-137.7844461115278	1.0
-137.28432108027005	1.0
-136.78419604901217	1.0
-136.2840710177544	1.0
-135.78394598649652	1.0
-135.28382095523875	1.0
-134.78369592398099	1.0
-134.2835708927231	1.0
-133.78344586146534	1.0
-133.28332083020746	1.0
-132.7831957989497	1.0
-132.2830707676918	1.0
-131.78294573643404	1.0
-131.28282070517628	1.0
-130.7826956739184	1.0
-130.28257064266063	1.0
-129.78244561140275	1.0
-129.28232058014498	1.0
-128.7821955488871	1.0
-128.28207051762934	1.0
-127.78194548637157	1.0
-127.28182045511369	1.0
-126.78169542385592	1.0
-126.28157039259804	1.0
-125.78144536134027	1.0
-125.28132033008251	1.0
-124.78119529882463	1.0
-124.28107026756686	1.0
-123.78094523630898	1.0
-123.28082020505121	1.0
-122.78069517379333	1.0
-122.28057014253557	1.0
-121.7804451112778	1.0
-121.28032008001992	1.0
-120.78019504876215	1.0
-120.28007001750427	1.0
-119.7799449862465	1.0
-119.27981995498874	1.0
-118.77969492373086	1.0
-118.27956989247309	1.0
-117.77944486121521	1.0
-117.27931982995744	1.0
-116.77919479869956	1.0
-116.2790697674418	1.0
-115.77894473618403	1.0
-115.27881970492615	1.0
-114.77869467366838	1.0
-114.2785696424105	1.0
-113.77844461115274	1.0
-113.27831957989486	1.0
-112.77819454863709	1.0
-112.27806951737932	1.0
-111.77794448612144	1.0
-111.27781945486367	1.0
-110.7776944236058	1.0
-110.27756939234803	1.0
-109.77744436109026	1.0
-109.27731932983238	1.0
-108.77719429857461	1.0
-108.27706926731673	1.0
-107.77694423605897	1.0
-107.27681920480109	1.0
-106.77669417354332	1.0
-106.27656914228555	1.0
-105.77644411102767	1.0
-105.2763190797699	1.0
-104.77619404851202	1.0
-104.27606901725426	1.0
-103.77594398599649	1.0
-103.27581895473861	1.0
-102.77569392348084	1.0
-102.27556889222296	1.0
-101.7754438609652	1.0
-101.27531882970732	1.0
-100.77519379844955	1.0
-100.27506876719178	1.0
-99.7749437359339	1.0
-99.27481870467614	1.0
-98.77469367341826	1.0
-98.27456864216049	1.0
-97.77444361090261	1.0
-97.27431857964484	1.0
-96.77419354838707	1.0
-96.2740685171292	1.0
-95.77394348587143	1.0
-95.27381845461355	1.0
-94.77369342335578	1.0
-94.27356839209801	1.0
-93.77344336084013	1.0
-93.27331832958237	1.0
-92.77319329832449	1.0
-92.27306826706672	1.0
-91.77294323580884	1.0
-91.27281820455107	1.0
-90.7726931732933	1.0
-90.27256814203542	1.0
-89.77244311077766	1.0
-89.27231807951978	1.0
-88.77219304826201	1.0
-88.27206801700413	1.0
-87.77194298574636	1.0
-87.2718179544886	1.0
-86.77169292323072	1.0
-86.27156789197295	1.0
-85.77144286071507	1.0
-85.2713178294573	1.0
-84.77119279819954	1.0
-84.27106776694166	1.0
-83.77094273568389	1.0
-83.27081770442601	1.0
-82.77069267316824	1.0
-82.27056764191036	1.0
-81.7704426106526	1.0
-81.27031757939483	1.0
-80.77019254813695	1.0
-80.27006751687918	1.0
-79.7699424856213	1.0
-79.26981745436353	1.0
-78.76969242310577	1.0
-78.26956739184789	1.0
-77.76944236059012	1.0
-77.26931732933224	1.0
-76.76919229807447	1.0
-76.26906726681659	1.0
-75.76894223555882	1.0
-75.26881720430106	1.0
-74.76869217304318	1.0
-74.26856714178541	1.0
-73.76844211052753	1.0
-73.26831707926976	1.0
-72.76819204801188	1.0
-72.26806701675412	1.0
-71.76794198549635	1.0
-71.26781695423847	1.0
-70.7676919229807	1.0
-70.26756689172282	1.0
-69.76744186046506	1.0
-69.26731682920729	1.0
-68.76719179794941	1.0
-68.26706676669164	1.0
-67.76694173543376	1.0
-67.266816704176	1.0
-66.76669167291811	1.0
-66.26656664166035	1.0
-65.76644161040258	1.0
-65.2663165791447	1.0
-64.76619154788693	1.0
-64.26606651662905	1.0
-63.765941485371286	1.0
-63.265816454113406	1.0
-62.76569142285564	1.0
-62.26556639159787	1.0
-61.76544136033999	1.0
-61.265316329082225	1.0
-60.765191297824344	1.0
-60.26506626656658	1.0
-59.76494123530881	1.0
-59.26481620405093	1.0
-58.764691172793164	1.0
-58.26456614153528	1.0
-57.76444111027752	1.0
-57.264316079019636	1.0
-56.76419104776187	1.0
-56.2640660165041	1.0
-55.76394098524622	1.0
-55.263815953988455	1.0
-54.763690922730575	1.0
-54.26356589147281	1.0
-53.76344086021504	1.0
-53.26331582895716	1.0
-52.763190797699394	1.0
-52.263065766441514	1.0
-51.76294073518375	1.0
-51.26281570392587	1.0
-50.7626906726681	1.0
-50.26256564141033	1.0
-49.76244061015245	1.0
-49.262315578894686	1.0
-48.762190547636806	1.0
-48.26206551637904	1.0
-47.76194048512116	1.0
-47.26181545386339	1.0
-46.761690422605625	1.0
-46.261565391347744	1.0
-45.76144036008998	1.0
-45.2613153288321	1.0
-44.76119029757433	1.0
-44.261065266316564	1.0
-43.76094023505868	1.0
-43.26081520380092	1.0
-42.760690172543036	1.0
-42.26056514128527	1.0
-41.76044011002739	1.0
-41.26031507876962	1.0
-40.760190047511855	1.0
-40.260065016253975	1.0
-39.75993998499621	1.0
-39.25981495373833	1.0
-38.75968992248056	1.0
-38.25956489122268	1.0
-37.759439859964914	1.0
-37.25931482870715	1.0
-36.75918979744927	1.0
-36.2590647661915	1.0
-35.75893973493362	1.0
-35.25881470367585	1.0
-34.758689672418086	1.0
-34.258564641160206	1.0
-33.75843960990244	1.0
-33.25831457864456	1.0
-32.75818954738679	1.0
-32.25806451612891	1.0
-31.757939484871144	1.0
-31.257814453613378	1.0
-30.757689422355497	1.0
-30.25756439109773	1.0
-29.75743935983985	1.0
-29.257314328582083	1.0
-28.757189297324317	1.0
-28.257064266066436	1.0
-27.75693923480867	1.0
-27.25681420355079	1.0
-26.756689172293022	1.0
-26.256564141035142	1.0
-25.756439109777375	1.0
-25.25631407851961	1.0
-24.756189047261728	1.0
-24.25606401600396	1.0
-23.75593898474608	1.0
-23.255813953488314	1.0
-22.755688922230433	1.0
-22.255563890972667	1.0
-21.7554388597149	1.0
-21.25531382845702	1.0
-20.755188797199253	1.0
-20.255063765941372	1.0
-19.754938734683606	1.0
-19.25481370342584	1.0
-18.75468867216796	1.0
-18.25456364091019	1.0
-17.75443860965231	1.0
-17.254313578394544	1.0
-16.754188547136664	1.0
-16.254063515878897	1.0
-15.75393848462113	1.0
-15.25381345336325	1.0
-14.753688422105483	1.0
-14.253563390847603	1.0
-13.753438359589836	1.0
-13.253313328331956	1.0
-12.753188297074189	1.0
-12.253063265816422	1.0
-11.752938234558542	1.0
-11.252813203300775	1.0
-10.752688172042895	1.0
-10.252563140785128	1.0
-9.752438109527361	1.0
-9.25231307826948	1.0
-8.752188047011714	1.0
-8.252063015753833	1.0
-7.751937984496067	1.0
-7.251812953238186	1.0
-6.75168792198042	1.0
-6.251562890722653	1.0
-5.751437859464772	1.0
-5.251312828207006	1.0
-4.751187796949125	1.0
-4.251062765691358	1.0
-3.7509377344335917	1.0
-3.2508127031757112	1.0
-2.7506876719179445	1.0
-2.250562640660064	1.0
-1.7504376094022973	1.0
-1.2503125781444169	1.0
-0.7501875468866501	1.0
-0.2500625156288834	1.0
0.25006251562899706	1.0
0.7501875468867638	1.0
1.2503125781446442	1.0
1.750437609402411	1.0
2.2505626406602914	1.0
2.750687671918058	1.0
3.250812703175825	1.0
3.7509377344337054	1.0
4.251062765691472	1.0
4.751187796949353	1.0
5.251312828207119	1.0
5.751437859464886	1.0
6.2515628907227665	1.0
6.751687921980533	1.0
7.251812953238414	1.0
7.75193798449618	1.0
8.25206301575406	1.0
8.752188047011828	1.0
9.252313078269594	1.0
9.752438109527475	1.0
10.252563140785242	1.0
10.752688172043122	1.0
11.252813203300889	1.0
11.75293823455877	1.0
12.253063265816536	1.0
12.753188297074303	1.0
13.253313328332183	1.0
13.75343835958995	1.0
14.25356339084783	1.0
14.753688422105597	1.0
15.253813453363364	1.0
15.753938484621244	1.0
16.25406351587901	1.0
16.75418854713689	1.0
17.254313578394658	1.0
17.75443860965254	1.0
18.254563640910305	1.0
18.754688672168072	1.0
19.254813703425953	1.0
19.75493873468372	1.0
20.2550637659416	1.0
20.755188797199366	1.0
21.255313828457133	1.0
21.755438859715014	1.0
22.25556389097278	1.0
22.75568892223066	1.0
23.255813953488428	1.0
23.755938984746308	1.0
24.256064016004075	1.0
24.75618904726184	1.0
25.25631407851961	1.0
25.756439109777602	1.0
26.25656414103537	1.0
26.756689172293136	1.0
27.256814203550903	1.0
27.75693923480867	1.0
28.257064266066664	1.0
28.75718929732443	1.0
29.257314328582197	1.0
29.757439359839964	1.0
30.257564391097958	1.0
30.757689422355725	1.0
31.25781445361349	1.0
31.757939484871258	1.0
32.258064516129025	1.0
32.75818954738702	1.0
33.258314578644786	1.0
33.75843960990255	1.0
34.25856464116032	1.0
34.758689672418086	1.0
35.25881470367608	1.0
35.75893973493385	1.0
36.259064766191614	1.0
36.75918979744938	1.0
37.25931482870715	1.0
37.75943985996514	1.0
38.25956489122291	1.0
38.759689922480675	1.0
39.25981495373844	1.0
39.759939984996436	1.0
40.2600650162542	1.0
40.76019004751197	1.0
41.260315078769736	1.0
41.7604401100275	1.0
42.2605651412855	1.0
42.76069017254326	1.0
43.26081520380103	1.0
43.7609402350588	1.0
44.261065266316564	1.0
44.76119029757456	1.0
45.261315328832325	1.0
45.76144036009009	1.0
46.26156539134786	1.0
46.761690422605625	1.0
47.26181545386362	1.0
47.761940485121386	1.0
48.26206551637915	1.0
48.76219054763692	1.0
49.262315578894686	1.0
49.76244061015268	1.0
50.26256564141045	1.0
50.762690672668214	1.0
51.26281570392598	1.0
51.762940735183975	1.0
52.26306576644174	1.0
52.76319079769951	1.0
53.263315828957275	1.0
53.76344086021504	1.0
54.263565891473036	1.0
54.7636909227308	1.0
55.26381595398857	1.0
55.763940985246336	1.0
56.2640660165041	1.0
56.7641910477621	1.0
57.26431607901986	1.0
57.76444111027763	1.0
58.2645661415354	1.0
58.764691172793164	1.0
59.26481620405116	1.0
59.764941235308925	1.0
60.26506626656669	1.0
60.76519129782446	1.0
61.26531632908245	1.0
61.76544136034022	1.0
62.265566391597986	1.0
62.76569142285575	1.0
63.26581645411352	1.0
63.76594148537151	1.0
64.26606651662928	1.0
64.76619154788705	1.0
65.26631657914481	1.0
65.76644161040258	1.0
66.26656664166057	1.0
66.76669167291834	1.0
67.26681670417611	1.0
67.76694173543387	1.0
68.26706676669164	1.0
68.76719179794964	1.0
69.2673168292074	1.0
69.76744186046517	1.0
70.26756689172294	1.0
70.76769192298093	1.0
71.2678169542387	1.0
71.76794198549646	1.0
72.26806701675423	1.0
72.768192048012	1.0
73.26831707926999	1.0
73.76844211052776	1.0
74.26856714178552	1.0
74.76869217304329	1.0
75.26881720430106	1.0
75.76894223555905	1.0
76.26906726681682	1.0
76.76919229807459	1.0
77.26931732933235	1.0
77.76944236059012	1.0
78.26956739184811	1.0
78.76969242310588	1.0
79.26981745436365	1.0
79.76994248562141	1.0
80.27006751687941	1.0
80.77019254813717	1.0
81.27031757939494	1.0
81.77044261065271	1.0
82.27056764191047	1.0
82.77069267316847	1.0
83.27081770442624	1.0
83.770942735684	1.0
84.27106776694177	1.0
84.77119279819954	1.0
85.27131782945753	1.0
85.7714428607153	1.0
86.27156789197306	1.0
86.77169292323083	1.0
87.2718179544886	1.0
87.77194298574659	1.0
88.27206801700436	1.0
88.77219304826212	1.0
89.27231807951989	1.0
89.77244311077789	1.0
90.27256814203565	1.0
90.77269317329342	1.0
91.27281820455119	1.0
91.77294323580895	1.0
92.27306826706695	1.0
92.77319329832471	1.0
93.27331832958248	1.0
93.77344336084025	1.0
94.27356839209801	1.0
94.77369342335601	1.0
95.27381845461377	1.0
95.77394348587154	1.0
96.27406851712931	1.0
96.77419354838707	1.0
97.27431857964507	1.0
97.77444361090284	1.0
98.2745686421606	1.0
98.77469367341837	1.0
99.27481870467614	1.0
99.77494373593413	1.0
100.2750687671919	1.0
100.77519379844966	1.0
101.27531882970743	1.0
101.77544386096542	1.0
102.27556889222319	1.0
102.77569392348096	1.0
103.27581895473872	1.0
103.77594398599649	1.0
104.27606901725449	1.0
104.77619404851225	1.0
105.27631907977002	1.0
105.77644411102779	1.0
106.27656914228555	1.0
106.77669417354355	1.0
107.27681920480131	1.0
107.77694423605908	1.0
108.27706926731685	1.0
108.77719429857461	1.0
109.27731932983261	1.0
109.77744436109037	1.0
110.27756939234814	1.0
110.77769442360591	1.0
111.2778194548639	1.0
111.77794448612167	1.0
112.27806951737944	1.0
112.7781945486372	1.0
113.27831957989497	1.0
113.77844461115296	1.0
114.27856964241073	1.0
114.7786946736685	1.0
115.27881970492626	1.0
115.77894473618403	1.0
116.27906976744202	1.0
116.77919479869979	1.0
117.27931982995756	1.0
117.77944486121532	1.0
118.27956989247309	1.0
118.77969492373109	1.0
119.27981995498885	1.0
119.77994498624662	1.0
120.28007001750439	1.0
120.78019504876238	1.0
121.28032008002015	1.0
121.78044511127791	1.0
122.28057014253568	1.0
122.78069517379345	1.0
123.28082020505144	1.0
123.78094523630921	1.0
124.28107026756697	1.0
124.78119529882474	1.0
125.28132033008251	1.0
125.7814453613405	1.0
126.28157039259827	1.0
126.78169542385604	1.0
127.2818204551138	1.0
127.78194548637157	1.0
128.28207051762956	1.0
128.78219554888733	1.0
129.2823205801451	1.0
129.78244561140286	1.0
130.28257064266086	1.0
130.78269567391862	1.0
131.2828207051764	1.0
131.78294573643416	1.0
132.28307076769192	1.0
132.78319579894992	1.0
133.28332083020769	1.0
133.78344586146545	1.0
134.28357089272322	1.0
134.78369592398099	1.0
135.28382095523898	1.0
135.78394598649675	1.0
136.2840710177545	1.0
136.78419604901228	1.0
137.28432108027005	1.0
137.78444611152804	1.0
138.2845711427858	1.0
138.78469617404357	1.0
139.28482120530134	1.0
139.78494623655934	1.0
140.2850712678171	1.0
140.78519629907487	1.0
141.28532133033264	1.0
141.7854463615904	1.0
142.2855713928484	1.0
142.78569642410616	1.0
143.28582145536393	1.0
143.7859464866217	1.0
144.28607151787946	1.0
144.78619654913746	1.0
145.28632158039522	1.0
145.786446611653	1.0
146.28657164291076	1.0
146.78669667416852	1.0
147.28682170542652	1.0
147.78694673668429	1.0
148.28707176794205	1.0
148.78719679919982	1.0
149.28732183045759	1.0
149.78744686171558	1.0
150.28757189297335	1.0
150.7876969242311	1.0
151.28782195548888	1.0
151.78794698674687	1.0
152.28807201800464	1.0
152.7881970492624	1.0
153.28832208052017	1.0
153.78844711177794	1.0
154.28857214303594	1.0
154.7886971742937	1.0
155.28882220555147	1.0
155.78894723680924	1.0
156.289072268067	1.0
156.789197299325	1.0
157.28932233058276	1.0
157.78944736184053	1.0
158.2895723930983	1.0
158.78969742435606	1.0
159.28982245561406	1.0
159.78994748687182	1.0
160.2900725181296	1.0
160.79019754938736	1.0
161.29032258064535	1.0
161.79044761190312	1.0
162.29057264316089	1.0
162.79069767441865	1.0
163.29082270567642	1.0
163.7909477369344	1.0
164.29107276819218	1.0
164.79119779944995	1.0
165.2913228307077	1.0
165.79144786196548	1.0
166.29157289322347	1.0
166.79169792448124	1.0
167.291822955739	1.0
167.79194798699677	1.0
168.29207301825454	1.0
168.79219804951254	1.0
169.2923230807703	1.0
169.79244811202807	1.0
170.29257314328584	1.0
170.79269817454383	1.0
171.2928232058016	1.0
171.79294823705936	1.0
172.29307326831713	1.0
172.7931982995749	1.0
173.2933233308329	1.0
173.79344836209066	1.0
174.29357339334842	1.0
174.7936984246062	1.0
175.29382345586396	1.0
175.79394848712195	1.0
176.29407351837972	1.0
176.79419854963749	1.0
177.29432358089525	1.0
177.79444861215302	1.0
178.294573643411	1.0
178.79469867466878	1.0
179.29482370592655	1.0
179.7949487371843	1.0
180.2950737684423	1.0
180.79519879970007	1.0
181.29532383095784	1.0
181.7954488622156	1.0
182.29557389347337	1.0
182.79569892473137	1.0
183.29582395598914	1.0
183.7959489872469	1.0
184.29607401850467	1.0
184.79619904976244	1.0
185.29632408102043	1.0
185.7964491122782	1.0
186.29657414353596	1.0
186.79669917479373	1.0
187.2968242060515	1.0
187.7969492373095	1.0
188.29707426856726	1.0
188.79719929982502	1.0
189.2973243310828	1.0
189.79744936234056	1.0
190.29757439359855	1.0
190.79769942485632	1.0
191.29782445611409	1.0
191.79794948737185	1.0
192.29807451862985	1.0
192.7981995498876	1.0
193.29832458114538	1.0
193.79844961240315	1.0
194.2985746436609	1.0
194.7986996749189	1.0
195.29882470617667	1.0
195.79894973743444	1.0
196.2990747686922	1.0
196.79919979994997	1.0
197.29932483120797	1.0
197.79944986246574	1.0
198.2995748937235	1.0
198.79969992498127	1.0
199.29982495623904	1.0
199.79994998749703	1.0
200.3000750187548	1.0
200.80020005001256	1.0
201.30032508127033	1.0
201.80045011252832	1.0
202.3005751437861	1.0
202.80070017504386	1.0
203.30082520630162	1.0
203.8009502375594	1.0
204.30107526881739	1.0
204.80120030007515	1.0
205.30132533133292	1.0
205.80145036259069	1.0
206.30157539384845	1.0
206.80170042510645	1.0
207.3018254563642	1.0
207.80195048762198	1.0
208.30207551887975	1.0
208.8022005501375	1.0
209.3023255813955	1.0
209.80245061265327	1.0
210.30257564391104	1.0
210.8027006751688	1.0
211.3028257064268	1.0
211.80295073768457	1.0
212.30307576894234	1.0
212.8032008002001	1.0
213.30332583145787	1.0
213.80345086271586	1.0
214.30357589397363	1.0
214.8037009252314	1.0
215.30382595648916	1.0
215.80395098774693	1.0
216.30407601900492	1.0
216.8042010502627	1.0
217.30432608152046	1.0
217.80445111277822	1.0
218.304576144036	1.0
218.80470117529399	1.0
219.30482620655175	1.0
219.80495123780952	1.0
220.30507626906729	1.0
220.80520130032528	1.0
221.30532633158305	1.0
221.8054513628408	1.0
222.30557639409858	1.0
222.80570142535635	1.0
223.30582645661434	1.0
223.8059514878721	1.0
224.30607651912987	1.0
224.80620155038764	1.0
225.3063265816454	1.0
225.8064516129034	1.0
226.30657664416117	1.0
226.80670167541894	1.0
227.3068267066767	1.0
227.80695173793447	1.0
228.30707676919246	1.0
228.80720180045023	1.0
229.307326831708	1.0
229.80745186296576	1.0
230.30757689422376	1.0
230.80770192548152	1.0
231.3078269567393	1.0
231.80795198799706	1.0
232.30807701925482	1.0
232.80820205051282	1.0
233.30832708177059	1.0
233.80845211302835	1.0
234.30857714428612	1.0
234.80870217554389	1.0
235.30882720680188	1.0
235.80895223805965	1.0
236.3090772693174	1.0
236.80920230057518	1.0
237.30932733183295	1.0
237.80945236309094	1.0
238.3095773943487	1.0
238.80970242560647	1.0
239.30982745686424	1.0
239.809952488122	1.0
240.31007751938	1.0
240.81020255063777	1.0
241.31032758189554	1.0
241.8104526131533	1.0
242.3105776444113	1.0
242.81070267566906	1.0
243.31082770692683	1.0
243.8109527381846	1.0
244.31107776944236	1.0
244.81120280070036	1.0
245.31132783195812	1.0
245.8114528632159	1.0
246.31157789447366	1.0
246.81170292573142	1.0
247.31182795698942	1.0
247.81195298824719	1.0
248.31207801950495	1.0
248.81220305076272	1.0
249.31232808202049	1.0
249.81245311327848	1.0
250.31257814453625	1.0
250.812703175794	1.0
251.31282820705178	1.0
251.81295323830977	1.0
252.31307826956754	1.0
252.8132033008253	1.0
253.31332833208307	1.0
253.81345336334084	1.0
254.31357839459884	1.0
254.8137034258566	1.0
255.31382845711437	1.0
255.81395348837214	1.0
256.3140785196299	1.0
256.8142035508879	1.0
257.31432858214566	1.0
257.81445361340343	1.0
258.3145786446612	1.0
258.81470367591896	1.0
259.31482870717696	1.0
259.8149537384347	1.0
260.3150787696925	1.0
260.81520380095026	1.0
261.31532883220825	1.0
261.815453863466	1.0
262.3155788947238	1.0
262.81570392598155	1.0
263.3158289572393	1.0
263.8159539884973	1.0
264.3160790197551	1.0
264.81620405101285	1.0
265.3163290822706	1.0
265.8164541135284	1.0
266.3165791447864	1.0
266.81670417604414	1.0
267.3168292073019	1.0
267.8169542385597	1.0
268.31707926981744	1.0
268.81720430107544	1.0
269.3173293323332	1.0
269.81745436359097	1.0
270.31757939484874	1.0
270.81770442610673	1.0
271.3178294573645	1.0
271.81795448862226	1.0
272.31807951988003	1.0
272.8182045511378	1.0
273.3183295823958	1.0
273.81845461365356	1.0
274.3185796449113	1.0
274.8187046761691	1.0
275.31882970742686	1.0
275.81895473868485	1.0
276.3190797699426	1.0
276.8192048012004	1.0
277.31932983245815	1.0
277.8194548637159	1.0
278.3195798949739	1.0
278.8197049262317	1.0
279.31982995748945	1.0
279.8199549887472	1.0
280.3200800200052	1.0
280.820205051263	1.0
281.32033008252074	1.0
281.8204551137785	1.0
282.3205801450363	1.0
282.82070517629427	1.0
283.32083020755204	1.0
283.8209552388098	1.0
284.32108027006757	1.0
284.82120530132534	1.0
285.32133033258333	1.0
285.8214553638411	1.0
286.32158039509886	1.0
286.82170542635663	1.0
287.3218304576144	1.0
287.8219554888724	1.0
288.32208052013016	1.0
288.8222055513879	1.0
289.3223305826457	1.0
289.82245561390346	1.0
290.32258064516145	1.0
290.8227056764192	1.0
291.322830707677	1.0
291.82295573893475	1.0
292.32308077019275	1.0
292.8232058014505	1.0
293.3233308327083	1.0
293.82345586396605	1.0
294.3235808952238	1.0
294.8237059264818	1.0
295.3238309577396	1.0
295.82395598899734	1.0
296.3240810202551	1.0
296.8242060515129	1.0
297.32433108277087	1.0
297.82445611402864	1.0
298.3245811452864	1.0
298.82470617654417	1.0
299.32483120780194	1.0
299.82495623905993	1.0
300.3250812703177	1.0
300.82520630157546	1.0
301.32533133283323	1.0
301.8254563640912	1.0
302.325581395349	1.0
302.82570642660676	1.0
303.3258314578645	1.0
303.8259564891223	1.0
304.3260815203803	1.0
304.82620655163805	1.0
305.3263315828958	1.0
305.8264566141536	1.0
306.32658164541135	1.0
306.82670667666935	1.0
307.3268317079271	1.0
307.8269567391849	1.0
308.32708177044265	1.0
308.8272068017004	1.0
309.3273318329584	1.0
309.8274568642162	1.0
310.32758189547394	1.0
310.8277069267317	1.0
311.3278319579897	1.0
311.82795698924747	1.0
312.32808202050524	1.0
312.828207051763	1.0
313.32833208302077	1.0
313.82845711427876	1.0
314.32858214553653	1.0
314.8287071767943	1.0
315.32883220805206	1.0
315.82895723930983	1.0
316.3290822705678	1.0
316.8292073018256	1.0
317.32933233308336	1.0
317.8294573643411	1.0
318.3295823955989	1.0
318.8297074268569	1.0
319.32983245811465	1.0
319.8299574893724	1.0
320.3300825206302	1.0
320.8302075518882	1.0
321.33033258314595	1.0
321.8304576144037	1.0
322.3305826456615	1.0
322.83070767691925	1.0
323.33083270817724	1.0
323.830957739435	1.0
324.3310827706928	1.0
324.83120780195054	1.0
325.3313328332083	1.0
325.8314578644663	1.0
326.33158289572407	1.0
326.83170792698184	1.0
327.3318329582396	1.0
327.83195798949737	1.0
328.33208302075536	1.0
328.83220805201313	1.0
329.3323330832709	1.0
329.83245811452866	1.0
330.33258314578643	1.0
330.8327081770444	1.0
331.3328332083022	1.0
331.83295823955996	1.0
332.3330832708177	1.0
332.8332083020757	1.0
333.3333333333335	1.0
333.83345836459125	1.0
334.333583395849	1.0
334.8337084271068	1.0
335.3338334583648	1.0
335.83395848962255	1.0
336.3340835208803	1.0
336.8342085521381	1.0
337.33433358339585	1.0
337.83445861465384	1.0
338.3345836459116	1.0
338.8347086771694	1.0
339.33483370842714	1.0
339.8349587396849	1.0
340.3350837709429	1.0
340.83520880220067	1.0
341.33533383345844	1.0
341.8354588647162	1.0
342.3355838959742	1.0
342.83570892723196	1.0
343.33583395848973	1.0
343.8359589897475	1.0
344.33608402100526	1.0
344.83620905226326	1.0
345.336334083521	1.0
345.8364591147788	1.0
346.33658414603656	1.0
346.8367091772943	1.0
347.3368342085523	1.0
347.8369592398101	1.0
348.33708427106785	1.0
348.8372093023256	1.0
349.3373343335834	1.0
349.8374593648414	1.0
350.33758439609915	1.0
350.8377094273569	1.0
351.3378344586147	1.0
351.8379594898727	1.0
352.33808452113044	1.0
352.8382095523882	1.0
353.338334583646	1.0
353.83845961490374	1.0
354.33858464616173	1.0
354.8387096774195	1.0
355.33883470867727	1.0
355.83895973993504	1.0
356.3390847711928	1.0
356.8392098024508	1.0
357.33933483370856	1.0
357.83945986496633	1.0
358.3395848962241	1.0
358.83970992748186	1.0
359.33983495873986	1.0
359.8399599899976	1.0
360.3400850212554	1.0
360.84021005251316	1.0
361.34033508377115	1.0
361.8404601150289	1.0
362.3405851462867	1.0
362.84071017754445	1.0
363.3408352088022	1.0
363.8409602400602	1.0
364.341085271318	1.0
364.84121030257575	1.0
365.3413353338335	1.0
365.8414603650913	1.0
366.3415853963493	1.0
366.84171042760704	1.0
367.3418354588648	1.0
367.8419604901226	1.0
368.34208552138034	1.0
368.84221055263833	1.0
369.3423355838961	1.0
369.84246061515387	1.0
370.34258564641164	1.0
370.84271067766963	1.0
371.3428357089274	1.0
371.84296074018516	1.0
372.34308577144293	1.0
372.8432108027007	1.0
373.3433358339587	1.0
373.84346086521646	1.0
374.3435858964742	1.0
374.843710927732	1.0
375.34383595898976	1.0
375.84396099024775	1.0
376.3440860215055	1.0
376.8442110527633	1.0
377.34433608402105	1.0
377.8444611152788	1.0
378.3445861465368	1.0
378.8447111777946	1.0
379.34483620905235	1.0
379.8449612403101	1.0
380.3450862715679	1.0
380.8452113028259	1.0
381.34533633408364	1.0
381.8454613653414	1.0
382.3455863965992	1.0
382.84571142785717	1.0
383.34583645911493	1.0
383.8459614903727	1.0
384.34608652163047	1.0
384.84621155288824	1.0
385.34633658414623	1.0
385.846461615404	1.0
386.34658664666176	1.0
386.84671167791953	1.0
387.3468367091773	1.0
387.8469617404353	1.0
388.34708677169306	1.0
388.8472118029508	1.0
389.3473368342086	1.0
389.84746186546636	1.0
390.34758689672435	1.0
390.8477119279821	1.0
391.3478369592399	1.0
391.84796199049765	1.0
392.34808702175565	1.0
392.8482120530134	1.0
393.3483370842712	1.0
393.84846211552895	1.0
394.3485871467867	1.0
394.8487121780447	1.0
395.3488372093025	1.0
395.84896224056024	1.0
396.349087271818	1.0
396.8492123030758	1.0
397.34933733433377	1.0
397.84946236559153	1.0
398.3495873968493	1.0
398.84971242810707	1.0
399.34983745936484	1.0
399.84996249062283	1.0
400.3500875218806	1.0
400.85021255313836	1.0
401.35033758439613	1.0
401.8504626156541	1.0
402.3505876469119	1.0
402.85071267816966	1.0
403.3508377094274	1.0
403.8509627406852	1.0
404.3510877719432	1.0
404.85121280320095	1.0
405.3513378344587	1.0
405.8514628657165	1.0
406.35158789697425	1.0
406.85171292823225	1.0
407.35183795949	1.0
407.8519629907478	1.0
408.35208802200555	1.0
408.8522130532633	1.0
409.3523380845213	1.0
409.8524631157791	1.0
410.35258814703684	1.0
410.8527131782946	1.0
411.3528382095526	1.0
411.85296324081037	1.0
412.35308827206813	1.0
412.8532133033259	1.0
413.35333833458367	1.0
413.85346336584166	1.0
414.35358839709943	1.0
414.8537134283572	1.0
415.35383845961496	1.0
415.85396349087273	1.0
416.3540885221307	1.0
416.8542135533885	1.0
417.35433858464626	1.0
417.854463615904	1.0
418.3545886471618	1.0
418.8547136784198	1.0
419.35483870967755	1.0
419.8549637409353	1.0
420.3550887721931	1.0
420.85521380345085	1.0
421.35533883470885	1.0
421.8554638659666	1.0
422.3555888972244	1.0
422.85571392848215	1.0
423.35583895974014	1.0
423.8559639909979	1.0
424.3560890222557	1.0
424.85621405351344	1.0
425.3563390847712	1.0
425.8564641160292	1.0
426.35658914728697	1.0
426.85671417854473	1.0
427.3568392098025	1.0
427.85696424106027	1.0
428.35708927231826	1.0
428.85721430357603	1.0
429.3573393348338	1.0
429.85746436609156	1.0
430.35758939734933	1.0
430.8577144286073	1.0
431.3578394598651	1.0
431.85796449112286	1.0
432.3580895223806	1.0
432.8582145536386	1.0
433.3583395848964	1.0
433.85846461615415	1.0
434.3585896474119	1.0
434.8587146786697	1.0
435.3588397099277	1.0
435.85896474118545	1.0
436.3590897724432	1.0
436.859214803701	1.0
437.35933983495875	1.0
437.85946486621674	1.0
438.3595898974745	1.0
438.8597149287323	1.0
439.35983995999004	1.0
439.8599649912478	1.0
440.3600900225058	1.0
440.86021505376357	1.0
441.36034008502133	1.0
441.8604651162791	1.0
442.3605901475371	1.0
442.86071517879486	1.0
443.36084021005263	1.0
443.8609652413104	1.0
444.36109027256816	1.0
444.86121530382616	1.0
445.3613403350839	1.0
445.8614653663417	1.0
446.36159039759946	1.0
446.8617154288572	1.0
447.3618404601152	1.0
447.861965491373	1.0
448.36209052263075	1.0
448.8622155538885	1.0
449.3623405851463	1.0
449.8624656164043	1.0
450.36259064766205	1.0
450.8627156789198	1.0
451.3628407101776	1.0
451.8629657414356	1.0
452.36309077269334	1.0
452.8632158039511	1.0
453.3633408352089	1.0
453.86346586646664	1.0
454.36359089772463	1.0
454.8637159289824	1.0
455.36384096024017	1.0
455.86396599149793	1.0
456.3640910227557	1.0
456.8642160540137	1.0
457.36434108527146	1.0
457.86446611652923	1.0
458.364591147787	1.0
458.86471617904476	1.0
459.36484121030276	1.0
459.8649662415605	1.0
460.3650912728183	1.0
460.86521630407606	1.0
461.36534133533405	1.0
461.8654663665918	1.0
462.3655913978496	1.0
462.86571642910735	1.0
463.3658414603651	1.0
463.8659664916231	1.0
464.3660915228809	1.0
464.86621655413865	1.0
465.3663415853964	1.0
465.8664666166542	1.0
466.3665916479122	1.0
466.86671667916994	1.0
467.3668417104277	1.0
467.8669667416855	1.0
468.36709177294324	1.0
468.86721680420123	1.0
469.367341835459	1.0
469.86746686671677	1.0
470.36759189797453	1.0
470.8677169292323	1.0
471.3678419604903	1.0
471.86796699174806	1.0
472.36809202300583	1.0
472.8682170542636	1.0
473.3683420855216	1.0
473.86846711677936	1.0
474.3685921480371	1.0
474.8687171792949	1.0
475.36884221055266	1.0
475.86896724181065	1.0
476.3690922730684	1.0
476.8692173043262	1.0
477.36934233558395	1.0
477.8694673668417	1.0
478.3695923980997	1.0
478.8697174293575	1.0
479.36984246061525	1.0
479.869967491873	1.0
480.3700925231308	1.0
480.8702175543888	1.0
481.37034258564654	1.0
481.8704676169043	1.0
482.3705926481621	1.0
482.87071767942007	1.0
483.37084271067783	1.0
483.8709677419356	1.0
484.37109277319337	1.0
484.87121780445113	1.0
485.37134283570913	1.0
485.8714678669669	1.0
486.37159289822466	1.0
486.87171792948243	1.0
487.3718429607402	1.0
487.8719679919982	1.0
488.37209302325596	1.0
488.8722180545137	1.0
489.3723430857715	1.0
489.87246811702926	1.0
490.37259314828725	1.0
490.872718179545	1.0
491.3728432108028	1.0
491.87296824206055	1.0
492.37309327331855	1.0
492.8732183045763	1.0
493.3733433358341	1.0
493.87346836709185	1.0
494.3735933983496	1.0
494.8737184296076	1.0
495.3738434608654	1.0
495.87396849212314	1.0
496.3740935233809	1.0
496.8742185546387	1.0
497.37434358589667	1.0
497.87446861715443	1.0
498.3745936484122	1.0
498.87471867966997	1.0
499.37484371092773	1.0
499.87496874218573	1.0
500.3750937734435	1.0
500.87521880470126	1.0
501.37534383595903	1.0
501.875468867217	1.0
502.3755938984748	1.0
502.87571892973256	1.0
503.3758439609903	1.0
503.8759689922481	1.0
504.3760940235061	1.0
504.87621905476385	1.0
505.3763440860216	1.0
505.8764691172794	1.0
506.37659414853715	1.0
506.87671917979515	1.0
507.3768442110529	1.0
507.8769692423107	1.0
508.37709427356845	1.0
508.8772193048262	1.0
509.3773443360842	1.0
509.877469367342	1.0
510.37759439859974	1.0
510.8777194298575	1.0
511.3778444611155	1.0
511.87796949237327	1.0
512.378094523631	1.0
512.8782195548888	1.0
513.3783445861466	1.0
513.8784696174046	1.0
514.3785946486623	1.0
514.8787196799201	1.0
515.3788447111779	1.0
515.8789697424356	1.0
516.3790947736936	1.0
516.8792198049514	1.0
517.3793448362092	1.0
517.8794698674669	1.0
518.3795948987247	1.0
518.8797199299827	1.0
519.3798449612405	1.0
519.8799699924982	1.0
520.380095023756	1.0
520.8802200550138	1.0
521.3803450862717	1.0
521.8804701175295	1.0
522.3805951487873	1.0
522.880720180045	1.0
523.380845211303	1.0
523.8809702425608	1.0
524.3810952738186	1.0
524.8812203050763	1.0
525.3813453363341	1.0
525.8814703675921	1.0
526.3815953988499	1.0
526.8817204301076	1.0
527.3818454613654	1.0
527.8819704926232	1.0
528.3820955238812	1.0
528.8822205551389	1.0
529.3823455863967	1.0
529.8824706176545	1.0
530.3825956489122	1.0
530.8827206801702	1.0
531.382845711428	1.0
531.8829707426858	1.0
532.3830957739435	1.0
532.8832208052015	1.0
533.3833458364593	1.0
533.883470867717	1.0
534.3835958989748	1.0
534.8837209302326	1.0
535.3838459614906	1.0
535.8839709927483	1.0
536.3840960240061	1.0
536.8842210552639	1.0
537.3843460865216	1.0
537.8844711177796	1.0
538.3845961490374	1.0
538.8847211802952	1.0
539.3848462115529	1.0
539.8849712428107	1.0
540.3850962740687	1.0
540.8852213053265	1.0
541.3853463365842	1.0
541.885471367842	1.0
542.3855963991	1.0
542.8857214303578	1.0
543.3858464616155	1.0
543.8859714928733	1.0
544.3860965241311	1.0
544.886221555389	1.0
545.3863465866468	1.0
545.8864716179046	1.0
546.3865966491624	1.0
546.8867216804201	1.0
547.3868467116781	1.0
547.8869717429359	1.0
548.3870967741937	1.0
548.8872218054514	1.0
549.3873468367092	1.0
549.8874718679672	1.0
550.387596899225	1.0
550.8877219304827	1.0
551.3878469617405	1.0
551.8879719929985	1.0
552.3880970242562	1.0
552.888222055514	1.0
553.3883470867718	1.0
553.8884721180295	1.0
554.3885971492875	1.0
554.8887221805453	1.0
555.3888472118031	1.0
555.8889722430608	1.0
556.3890972743186	1.0
556.8892223055766	1.0
557.3893473368344	1.0
557.8894723680921	1.0
558.3895973993499	1.0
558.8897224306077	1.0
559.3898474618657	1.0
559.8899724931234	1.0
560.3900975243812	1.0
560.890222555639	1.0
561.3903475868967	1.0
561.8904726181547	1.0
562.3905976494125	1.0
562.8907226806703	1.0
563.390847711928	1.0
563.890972743186	1.0
564.3910977744438	1.0
564.8912228057015	1.0
565.3913478369593	1.0
565.8914728682171	1.0
566.3915978994751	1.0
566.8917229307328	1.0
567.3918479619906	1.0
567.8919729932484	1.0
568.3920980245061	1.0
568.8922230557641	1.0
569.3923480870219	1.0
569.8924731182797	1.0
570.3925981495374	1.0
570.8927231807952	1.0
571.3928482120532	1.0
571.892973243311	1.0
572.3930982745687	1.0
572.8932233058265	1.0
573.3933483370845	1.0
573.8934733683423	1.0
574.3935983996	1.0
574.8937234308578	1.0
575.3938484621156	1.0
575.8939734933736	1.0
576.3940985246313	1.0
576.8942235558891	1.0
577.3943485871469	1.0
577.8944736184046	1.0
578.3945986496626	1.0
578.8947236809204	1.0
579.3948487121781	1.0
579.8949737434359	1.0
580.3950987746937	1.0
580.8952238059517	1.0
581.3953488372094	1.0
581.8954738684672	1.0
582.395598899725	1.0
582.895723930983	1.0
583.3958489622407	1.0
583.8959739934985	1.0
584.3960990247563	1.0
584.896224056014	1.0
585.396349087272	1.0
585.8964741185298	1.0
586.3965991497876	1.0
586.8967241810453	1.0
587.3968492123031	1.0
587.8969742435611	1.0
588.3970992748189	1.0
588.8972243060766	1.0
589.3973493373344	1.0
589.8974743685922	1.0
590.3975993998502	1.0
590.8977244311079	1.0
591.3978494623657	1.0
591.8979744936235	1.0
592.3980995248814	1.0
592.8982245561392	1.0
593.398349587397	1.0
593.8984746186547	1.0
594.3985996499125	1.0
594.8987246811705	1.0
595.3988497124283	1.0
595.898974743686	1.0
596.3990997749438	1.0
596.8992248062016	1.0
597.3993498374596	1.0
597.8994748687173	1.0
598.3995998999751	1.0
598.8997249312329	1.0
599.3998499624906	1.0
599.8999749937486	1.0
600.4001000250064	1.0
600.9002250562642	1.0
601.4003500875219	1.0
601.9004751187799	1.0
602.4006001500377	1.0
602.9007251812955	1.0
603.4008502125532	1.0
603.900975243811	1.0
604.401100275069	1.0
604.9012253063268	1.0
605.4013503375845	1.0
605.9014753688423	1.0
606.4016004001	1.0
606.901725431358	1.0
607.4018504626158	1.0
607.9019754938736	1.0
608.4021005251313	1.0
608.9022255563891	1.0
609.4023505876471	1.0
609.9024756189049	1.0
610.4026006501626	1.0
610.9027256814204	1.0
611.4028507126782	1.0
611.9029757439362	1.0
612.4031007751939	1.0
612.9032258064517	1.0
613.4033508377095	1.0
613.9034758689675	1.0
614.4036009002252	1.0
614.903725931483	1.0
615.4038509627408	1.0
615.9039759939985	1.0
616.4041010252565	1.0
616.9042260565143	1.0
617.404351087772	1.0
617.9044761190298	1.0
618.4046011502876	1.0
618.9047261815456	1.0
619.4048512128034	1.0
619.9049762440611	1.0
620.4051012753189	1.0
620.9052263065767	1.0
621.4053513378346	1.0
621.9054763690924	1.0
622.4056014003502	1.0
622.905726431608	1.0
623.4058514628659	1.0
623.9059764941237	1.0
624.4061015253815	1.0
624.9062265566392	1.0
625.406351587897	1.0
625.906476619155	1.0
626.4066016504128	1.0
626.9067266816705	1.0
627.4068517129283	1.0
627.9069767441861	1.0
628.4071017754441	1.0
628.9072268067018	1.0
629.4073518379596	1.0
629.9074768692174	1.0
630.4076019004751	1.0
630.9077269317331	1.0
631.4078519629909	1.0
631.9079769942487	1.0
632.4081020255064	1.0
632.9082270567644	1.0
633.4083520880222	1.0
633.90847711928	1.0
634.4086021505377	1.0
634.9087271817955	1.0
635.4088522130535	1.0
635.9089772443112	1.0
636.409102275569	1.0
636.9092273068268	1.0
637.4093523380845	1.0
637.9094773693425	1.0
638.4096024006003	1.0
638.9097274318581	1.0
639.4098524631158	1.0
639.9099774943736	1.0
640.4101025256316	1.0
640.9102275568894	1.0
641.4103525881471	1.0
641.9104776194049	1.0
642.4106026506629	1.0
642.9107276819207	1.0
643.4108527131784	1.0
643.9109777444362	1.0
644.411102775694	1.0
644.911227806952	1.0
645.4113528382097	1.0
645.9114778694675	1.0
646.4116029007253	1.0
646.911727931983	1.0
647.411852963241	1.0
647.9119779944988	1.0
648.4121030257566	1.0
648.9122280570143	1.0
649.4123530882721	1.0
649.9124781195301	1.0
650.4126031507878	1.0
650.9127281820456	1.0
651.4128532133034	1.0
651.9129782445614	1.0
652.4131032758191	1.0
652.9132283070769	1.0
653.4133533383347	1.0
653.9134783695924	1.0
654.4136034008504	1.0
654.9137284321082	1.0
655.413853463366	1.0
655.9139784946237	1.0
656.4141035258815	1.0
656.9142285571395	1.0
657.4143535883973	1.0
657.914478619655	1.0
658.4146036509128	1.0
658.9147286821706	1.0
659.4148537134286	1.0
659.9149787446863	1.0
660.4151037759441	1.0
660.9152288072019	1.0
661.4153538384596	1.0
661.9154788697176	1.0
662.4156039009754	1.0
662.9157289322332	1.0
663.4158539634909	1.0
663.9159789947489	1.0
664.4161040260067	1.0
664.9162290572644	1.0
665.4163540885222	1.0
665.91647911978	1.0
666.416604151038	1.0
666.9167291822957	1.0
667.4168542135535	1.0
667.9169792448113	1.0
668.417104276069	1.0
668.917229307327	1.0
669.4173543385848	1.0
669.9174793698426	1.0
670.4176044011003	1.0
670.9177294323581	1.0
671.4178544636161	1.0
671.9179794948739	1.0
672.4181045261316	1.0
672.9182295573894	1.0
673.4183545886474	1.0
673.9184796199052	1.0
674.4186046511629	1.0
674.9187296824207	1.0
675.4188547136785	1.0
675.9189797449365	1.0
676.4191047761942	1.0
676.919229807452	1.0
677.4193548387098	1.0
677.9194798699675	1.0
678.4196049012255	1.0
678.9197299324833	1.0
679.419854963741	1.0
679.9199799949988	1.0
680.4201050262566	1.0
680.9202300575146	1.0
681.4203550887723	1.0
681.9204801200301	1.0
682.4206051512879	1.0
682.9207301825459	1.0
683.4208552138036	1.0
683.9209802450614	1.0
684.4211052763192	1.0
684.9212303075769	1.0
685.4213553388349	1.0
685.9214803700927	1.0
686.4216054013505	1.0
686.9217304326082	1.0
687.421855463866	1.0
687.921980495124	1.0
688.4221055263818	1.0
688.9222305576395	1.0
689.4223555888973	1.0
689.922480620155	1.0
690.422605651413	1.0
690.9227306826708	1.0
691.4228557139286	1.0
691.9229807451864	1.0
692.4231057764443	1.0
692.9232308077021	1.0
693.4233558389599	1.0
693.9234808702176	1.0
694.4236059014754	1.0
694.9237309327334	1.0
695.4238559639912	1.0
695.9239809952489	1.0
696.4241060265067	1.0
696.9242310577645	1.0
697.4243560890225	1.0
697.9244811202802	1.0
698.424606151538	1.0
698.9247311827958	1.0
699.4248562140535	1.0
699.9249812453115	1.0
700.4251062765693	1.0
700.9252313078271	1.0
701.4253563390848	1.0
701.9254813703426	1.0
702.4256064016006	1.0
702.9257314328584	1.0
703.4258564641161	1.0
703.9259814953739	1.0
704.4261065266319	1.0
704.9262315578897	1.0
705.4263565891474	1.0
705.9264816204052	1.0
706.426606651663	1.0
706.926731682921	1.0
707.4268567141787	1.0
707.9269817454365	1.0
708.4271067766942	1.0
708.927231807952	1.0
709.42735683921	1.0
709.9274818704678	1.0
710.4276069017255	1.0
710.9277319329833	1.0
711.4278569642411	1.0
711.9279819954991	1.0
712.4281070267568	1.0
712.9282320580146	1.0
713.4283570892724	1.0
713.9284821205304	1.0
714.4286071517881	1.0
714.9287321830459	1.0
715.4288572143037	1.0
715.9289822455614	1.0
716.4291072768194	1.0
716.9292323080772	1.0
717.429357339335	1.0
717.9294823705927	1.0
718.4296074018505	1.0
718.9297324331085	1.0
719.4298574643663	1.0
719.929982495624	1.0
720.4301075268818	1.0
720.9302325581396	1.0
721.4303575893975	1.0
721.9304826206553	1.0
722.4306076519131	1.0
722.9307326831708	1.0
723.4308577144288	1.0
723.9309827456866	1.0
724.4311077769444	1.0
724.9312328082021	1.0
725.4313578394599	1.0
725.9314828707179	1.0
726.4316079019757	1.0
726.9317329332334	1.0
727.4318579644912	1.0
727.931982995749	1.0
728.432108027007	1.0
728.9322330582647	1.0
729.4323580895225	1.0
729.9324831207803	1.0
730.432608152038	1.0
730.932733183296	1.0
731.4328582145538	1.0
731.9329832458116	1.0
732.4331082770693	1.0
732.9332333083273	1.0
733.4333583395851	1.0
733.9334833708429	1.0
734.4336084021006	1.0
734.9337334333584	1.0
735.4338584646164	1.0
735.9339834958741	1.0
736.4341085271319	1.0
736.9342335583897	1.0
737.4343585896474	1.0
737.9344836209054	1.0
738.4346086521632	1.0
738.934733683421	1.0
739.4348587146787	1.0
739.9349837459365	1.0
740.4351087771945	1.0
740.9352338084523	1.0
741.43535883971	1.0
741.9354838709678	1.0
742.4356089022258	1.0
742.9357339334836	1.0
743.4358589647413	1.0
743.9359839959991	1.0
744.4361090272569	1.0
744.9362340585149	1.0
745.4363590897726	1.0
745.9364841210304	1.0
746.4366091522882	1.0
746.9367341835459	1.0
747.4368592148039	1.0
747.9369842460617	1.0
748.4371092773195	1.0
748.9372343085772	1.0
749.437359339835	1.0
749.937484371093	1.0
750.4376094023507	1.0
750.9377344336085	1.0
751.4378594648663	1.0
751.937984496124	1.0
752.438109527382	1.0
752.9382345586398	1.0
753.4383595898976	1.0
753.9384846211553	1.0
754.4386096524133	1.0
754.9387346836711	1.0
755.4388597149289	1.0
755.9389847461866	1.0
756.4391097774444	1.0
756.9392348087024	1.0
757.4393598399602	1.0
757.9394848712179	1.0
758.4396099024757	1.0
758.9397349337335	1.0
759.4398599649915	1.0
759.9399849962492	1.0
760.440110027507	1.0
760.9402350587648	1.0
761.4403600900225	1.0
761.9404851212805	1.0
762.4406101525383	1.0
762.940735183796	1.0
763.4408602150538	1.0
763.9409852463118	1.0
764.4411102775696	1.0
764.9412353088273	1.0
765.4413603400851	1.0
765.9414853713429	1.0
766.4416104026009	1.0
766.9417354338586	1.0
767.4418604651164	1.0
767.9419854963742	1.0
768.4421105276319	1.0
768.9422355588899	1.0
769.4423605901477	1.0
769.9424856214055	1.0
770.4426106526632	1.0
770.942735683921	1.0
771.442860715179	1.0
771.9429857464368	1.0
772.4431107776945	1.0
772.9432358089523	1.0
773.4433608402103	1.0
773.943485871468	1.0
774.4436109027258	1.0
774.9437359339836	1.0
775.4438609652414	1.0
775.9439859964994	1.0
776.4441110277571	1.0
776.9442360590149	1.0
777.4443610902727	1.0
777.9444861215304	1.0
778.4446111527884	1.0
778.9447361840462	1.0
779.444861215304	1.0
779.9449862465617	1.0
780.4451112778195	1.0
780.9452363090775	1.0
781.4453613403352	1.0
781.945486371593	1.0
782.4456114028508	1.0
782.9457364341088	1.0
783.4458614653665	1.0
783.9459864966243	1.0
784.4461115278821	1.0
784.9462365591398	1.0
785.4463615903978	1.0
785.9464866216556	1.0
786.4466116529134	1.0
786.9467366841711	1.0
787.4468617154289	1.0
787.9469867466869	1.0
788.4471117779447	1.0
788.9472368092024	1.0
789.4473618404602	1.0
789.947486871718	1.0
790.447611902976	1.0
790.9477369342337	1.0
791.4478619654915	1.0
791.9479869967493	1.0
792.448112028007	1.0
792.948237059265	1.0
793.4483620905228	1.0
793.9484871217805	1.0
794.4486121530383	1.0
794.9487371842963	1.0
795.4488622155541	1.0
795.9489872468118	1.0
796.4491122780696	1.0
796.9492373093274	1.0
797.4493623405854	1.0
797.9494873718431	1.0
798.4496124031009	1.0
798.9497374343587	1.0
799.4498624656164	1.0
799.9499874968744	1.0
800.4501125281322	1.0
800.95023755939	1.0
801.4503625906477	1.0
801.9504876219055	1.0
802.4506126531635	1.0
802.9507376844213	1.0
803.450862715679	1.0
803.9509877469368	1.0
804.4511127781948	1.0
804.9512378094526	1.0
805.4513628407103	1.0
805.9514878719681	1.0
806.4516129032259	1.0
806.9517379344838	1.0
807.4518629657416	1.0
807.9519879969994	1.0
808.4521130282571	1.0
808.9522380595149	1.0
809.4523630907729	1.0
809.9524881220307	1.0
810.4526131532884	1.0
810.9527381845462	1.0
811.452863215804	1.0
811.952988247062	1.0
812.4531132783197	1.0
812.9532383095775	1.0
813.4533633408353	1.0
813.9534883720933	1.0
814.453613403351	1.0
814.9537384346088	1.0
815.4538634658666	1.0
815.9539884971243	1.0
816.4541135283823	1.0
816.9542385596401	1.0
817.4543635908979	1.0
817.9544886221556	1.0
818.4546136534134	1.0
818.9547386846714	1.0
819.4548637159292	1.0
819.9549887471869	1.0
820.4551137784447	1.0
820.9552388097025	1.0
821.4553638409604	1.0
821.9554888722182	1.0
822.455613903476	1.0
822.9557389347337	1.0
823.4558639659917	1.0
823.9559889972495	1.0
824.4561140285073	1.0
824.956239059765	1.0
825.4563640910228	1.0
825.9564891222808	1.0
826.4566141535386	1.0
826.9567391847963	1.0
827.4568642160541	1.0
827.9569892473119	1.0
828.4571142785699	1.0
828.9572393098276	1.0
829.4573643410854	1.0
829.9574893723432	1.0
830.4576144036009	1.0
830.9577394348589	1.0
831.4578644661167	1.0
831.9579894973745	1.0
832.4581145286322	1.0
832.9582395598902	1.0
833.458364591148	1.0
833.9584896224058	1.0
834.4586146536635	1.0
834.9587396849213	1.0
835.4588647161793	1.0
835.958989747437	1.0
836.4591147786948	1.0
836.9592398099526	1.0
837.4593648412103	1.0
837.9594898724683	1.0
838.4596149037261	1.0
838.9597399349839	1.0
839.4598649662416	1.0
839.9599899974994	1.0
840.4601150287574	1.0
840.9602400600152	1.0
841.4603650912729	1.0
841.9604901225307	1.0
842.4606151537885	1.0
842.9607401850465	1.0
843.4608652163042	1.0
843.960990247562	1.0
844.4611152788198	1.0
844.9612403100778	1.0
845.4613653413355	1.0
845.9614903725933	1.0
846.461615403851	1.0
846.9617404351088	1.0
847.4618654663668	1.0
847.9619904976246	1.0
848.4621155288824	1.0
848.9622405601401	1.0
849.4623655913979	1.0
849.9624906226559	1.0
850.4626156539136	1.0
850.9627406851714	1.0
851.4628657164292	1.0
851.962990747687	1.0
852.4631157789449	1.0
852.9632408102027	1.0
853.4633658414605	1.0
853.9634908727182	1.0
854.4636159039762	1.0
854.963740935234	1.0
855.4638659664918	1.0
855.9639909977495	1.0
856.4641160290073	1.0
856.9642410602653	1.0
857.4643660915231	1.0
857.9644911227808	1.0
858.4646161540386	1.0
858.9647411852964	1.0
859.4648662165544	1.0
859.9649912478121	1.0
860.4651162790699	1.0
860.9652413103277	1.0
861.4653663415854	1.0
861.9654913728434	1.0
862.4656164041012	1.0
862.965741435359	1.0
863.4658664666167	1.0
863.9659914978747	1.0
864.4661165291325	1.0
864.9662415603902	1.0
865.466366591648	1.0
865.9664916229058	1.0
866.4666166541638	1.0
866.9667416854215	1.0
867.4668667166793	1.0
867.9669917479371	1.0
868.4671167791948	1.0
868.9672418104528	1.0
869.4673668417106	1.0
869.9674918729684	1.0
870.4676169042261	1.0
870.9677419354839	1.0
871.4678669667419	1.0
871.9679919979997	1.0
872.4681170292574	1.0
872.9682420605152	1.0
873.4683670917732	1.0
873.968492123031	1.0
874.4686171542887	1.0
874.9687421855465	1.0
875.4688672168043	1.0
875.9689922480622	1.0
876.46911727932	1.0
876.9692423105778	1.0
877.4693673418356	1.0
877.9694923730933	1.0
878.4696174043513	1.0
878.9697424356091	1.0
879.4698674668668	1.0
879.9699924981246	1.0
880.4701175293824	1.0
880.9702425606404	1.0
881.4703675918981	1.0
881.9704926231559	1.0
882.4706176544137	1.0
882.9707426856717	1.0
883.4708677169294	1.0
883.9709927481872	1.0
884.471117779445	1.0
884.9712428107027	1.0
885.4713678419607	1.0
885.9714928732185	1.0
886.4716179044763	1.0
886.971742935734	1.0
887.4718679669918	1.0
887.9719929982498	1.0
888.4721180295076	1.0
888.9722430607653	1.0
889.4723680920231	1.0
889.9724931232809	1.0
890.4726181545388	1.0
890.9727431857966	1.0
891.4728682170544	1.0
891.9729932483122	1.0
892.4731182795699	1.0
892.9732433108279	1.0
893.4733683420857	1.0
893.9734933733434	1.0
894.4736184046012	1.0
894.9737434358592	1.0
895.473868467117	1.0
895.9739934983747	1.0
896.4741185296325	1.0
896.9742435608903	1.0
897.4743685921483	1.0
897.974493623406	1.0
898.4746186546638	1.0
898.9747436859216	1.0
899.4748687171793	1.0
899.9749937484373	1.0
900.4751187796951	1.0
900.9752438109529	1.0
901.4753688422106	1.0
901.9754938734684	1.0
902.4756189047264	1.0
902.9757439359842	1.0
903.4758689672419	1.0
903.9759939984997	1.0
904.4761190297577	1.0
904.9762440610154	1.0
905.4763690922732	1.0
905.976494123531	1.0
906.4766191547888	1.0
906.9767441860467	1.0
907.4768692173045	1.0
907.9769942485623	1.0
908.47711927982	1.0
908.9772443110778	1.0
909.4773693423358	1.0
909.9774943735936	1.0
910.4776194048513	1.0
910.9777444361091	1.0
911.4778694673669	1.0
911.9779944986249	1.0
912.4781195298826	1.0
912.9782445611404	1.0
913.4783695923982	1.0
913.9784946236562	1.0
914.4786196549139	1.0
914.9787446861717	1.0
915.4788697174295	1.0
915.9789947486872	1.0
916.4791197799452	1.0
916.979244811203	1.0
917.4793698424608	1.0
917.9794948737185	1.0
918.4796199049763	1.0
918.9797449362343	1.0
919.479869967492	1.0
919.9799949987498	1.0
920.4801200300076	1.0
920.9802450612654	1.0
921.4803700925233	1.0
921.9804951237811	1.0
922.4806201550389	1.0
922.9807451862966	1.0
923.4808702175546	1.0
923.9809952488124	1.0
924.4811202800702	1.0
924.9812453113279	1.0
925.4813703425857	1.0
925.9814953738437	1.0
926.4816204051015	1.0
926.9817454363592	1.0
927.481870467617	1.0
927.9819954988748	1.0
928.4821205301328	1.0
928.9822455613905	1.0
929.4823705926483	1.0
929.9824956239061	1.0
930.4826206551638	1.0
930.9827456864218	1.0
931.4828707176796	1.0
931.9829957489374	1.0
932.4831207801951	1.0
932.9832458114529	1.0
933.4833708427109	1.0
933.9834958739686	1.0
934.4836209052264	1.0
934.9837459364842	1.0
935.4838709677422	1.0
935.983995999	1.0
936.4841210302577	1.0
936.9842460615155	1.0
937.4843710927732	1.0
937.9844961240312	1.0
938.484621155289	1.0
938.9847461865468	1.0
939.4848712178045	1.0
939.9849962490623	1.0
940.4851212803203	1.0
940.9852463115781	1.0
941.4853713428358	1.0
941.9854963740936	1.0
942.4856214053514	1.0
942.9857464366094	1.0
943.4858714678671	1.0
943.9859964991249	1.0
944.4861215303827	1.0
944.9862465616407	1.0
945.4863715928984	1.0
945.9864966241562	1.0
946.486621655414	1.0
946.9867466866717	1.0
947.4868717179297	1.0
947.9869967491875	1.0
948.4871217804452	1.0
948.987246811703	1.0
949.4873718429608	1.0
949.9874968742188	1.0
950.4876219054765	1.0
950.9877469367343	1.0
951.4878719679921	1.0
951.9879969992498	1.0
952.4881220305078	1.0
952.9882470617656	1.0
953.4883720930234	1.0
953.9884971242811	1.0
954.4886221555391	1.0
954.9887471867969	1.0
955.4888722180547	1.0
955.9889972493124	1.0
956.4891222805702	1.0
956.9892473118282	1.0
957.489372343086	1.0
957.9894973743437	1.0
958.4896224056015	1.0
958.9897474368593	1.0
959.4898724681173	1.0
959.989997499375	1.0
960.4901225306328	1.0
960.9902475618906	1.0
961.4903725931483	1.0
961.9904976244063	1.0
962.4906226556641	1.0
962.9907476869218	1.0
963.4908727181796	1.0
963.9909977494376	1.0
964.4911227806954	1.0
964.9912478119531	1.0
965.4913728432109	1.0
965.9914978744687	1.0
966.4916229057267	1.0
966.9917479369844	1.0
967.4918729682422	1.0
967.9919979995	1.0
968.4921230307577	1.0
968.9922480620157	1.0
969.4923730932735	1.0
969.9924981245313	1.0
970.492623155789	1.0
970.9927481870468	1.0
971.4928732183048	1.0
971.9929982495626	1.0
972.4931232808203	1.0
972.9932483120781	1.0
973.4933733433361	1.0
973.9934983745939	1.0
974.4936234058516	1.0
974.9937484371094	1.0
975.4938734683672	1.0
975.9939984996251	1.0
976.4941235308829	1.0
976.9942485621407	1.0
977.4943735933984	1.0
977.9944986246562	1.0
978.4946236559142	1.0
978.994748687172	1.0
979.4948737184297	1.0
979.9949987496875	1.0
980.4951237809453	1.0
980.9952488122033	1.0
981.495373843461	1.0
981.9954988747188	1.0
982.4956239059766	1.0
982.9957489372343	1.0
983.4958739684923	1.0
983.9959989997501	1.0
984.4961240310079	1.0
984.9962490622656	1.0
985.4963740935236	1.0
985.9964991247814	1.0
986.4966241560392	1.0
986.9967491872969	1.0
987.4968742185547	1.0
987.9969992498127	1.0
988.4971242810705	1.0
988.9972493123282	1.0
989.497374343586	1.0
989.9974993748438	1.0
990.4976244061017	1.0
990.9977494373595	1.0
991.4978744686173	1.0
991.997999499875	1.0
992.4981245311328	1.0
992.9982495623908	1.0
993.4983745936486	1.0
993.9984996249063	1.0
994.4986246561641	1.0
994.9987496874221	1.0
995.4988747186799	1.0
995.9989997499376	1.0
996.4991247811954	1.0
996.9992498124532	1.0
997.4993748437112	1.0
997.9994998749689	1.0
998.4996249062267	1.0
998.9997499374845	1.0
999.4998749687422	1.0
1000.0	1.0
