4000	0.5
-1000.0	-0.0
-999.4998749687422	-0.0
-998.9997499374844	-0.0
-998.4996249062266	-0.0
-997.9994998749687	-0.0
-997.4993748437109	-0.0
-996.9992498124531	-0.0
-996.4991247811953	-0.0
-995.9989997499375	-0.0
-995.4988747186796	-0.0
-994.9987496874219	-0.0
-994.498624656164	-0.0
-993.9984996249062	-0.0
-993.4983745936485	-0.0
-992.9982495623906	-0.0
-992.4981245311328	-0.0
-991.9979994998749	-0.0
-991.4978744686172	-0.0
-990.9977494373593	-0.0
-990.4976244061015	-0.0
-989.9974993748438	-0.0
-989.4973743435859	-0.0
-988.9972493123281	-0.0
-988.4971242810702	-0.0
-987.9969992498125	-0.0
-987.4968742185547	-0.0
-986.9967491872968	-0.0
-986.496624156039	-0.0
-985.9964991247812	-0.0
-985.4963740935234	-0.0
-984.9962490622655	-0.0
-984.4961240310078	-0.0
-983.99599899975	-0.0
-983.4958739684921	-0.0
-982.9957489372343	-0.0
-982.4956239059765	-0.0
-981.9954988747187	-0.0
-981.4953738434608	-0.0
-980.995248812203	-0.0
-980.4951237809453	-0.0
-979.9949987496874	-0.0
-979.4948737184296	-0.0
-978.9947486871718	-0.0
-978.494623655914	-0.0
-977.9944986246562	-0.0
-977.4943735933983	-0.0
-976.9942485621406	-0.0
-976.4941235308827	-0.0
-975.9939984996249	-0.0
-975.493873468367	-0.0
-974.9937484371093	-0.0
-974.4936234058515	-0.0
-973.9934983745936	-0.0
-973.4933733433359	-0.0
-972.993248312078	-0.0
-972.4931232808202	-0.0
-971.9929982495623	-0.0
-971.4928732183046	-0.0
-970.9927481870468	-0.0
-970.4926231557889	-0.0
-969.9924981245312	-0.0
-969.4923730932733	-0.0
-968.9922480620155	-0.0
-968.4921230307577	-0.0
-967.9919979994999	-0.0
-967.4918729682421	-0.0
-966.9917479369842	-0.0
-966.4916229057264	-0.0
-965.9914978744686	-0.0
-965.4913728432108	-0.0
-964.991247811953	-0.0
-964.4911227806952	-0.0
-963.9909977494374	-0.0
-963.4908727181795	-0.0
-962.9907476869217	-0.0
-962.4906226556639	-0.0
-961.9904976244061	-0.0
-961.4903725931483	-0.0
-960.9902475618904	-0.0
-960.4901225306327	-0.0
-959.9899974993748	-0.0
-959.489872468117	-0.0
-958.9897474368593	-0.0
-958.4896224056014	-0.0
-957.9894973743436	-0.0
-957.4893723430857	-0.0
-956.989247311828	-0.0
-956.4891222805701	-0.0
-955.9889972493123	-0.0
-955.4888722180546	-0.0
-954.9887471867967	-0.0
-954.4886221555389	-0.0
-953.988497124281	-0.0
-953.4883720930233	-0.0
-952.9882470617654	-0.0
-952.4881220305076	-0.0
-951.9879969992498	-0.0
-951.487871967992	-0.0
-950.9877469367342	-0.0
-950.4876219054763	-0.0
-949.9874968742186	-0.0
-949.4873718429608	-0.0
-948.9872468117029	-0.0
-948.4871217804451	-0.0
-947.9869967491873	-0.0
-947.4868717179295	-0.0
-946.9867466866717	-0.0
-946.4866216554138	-0.0
-945.9864966241561	-0.0
-945.4863715928982	-0.0
-944.9862465616404	-0.0
-944.4861215303825	-0.0
-943.9859964991248	-0.0
-943.485871467867	-0.0
-942.9857464366091	-0.0
-942.4856214053514	-0.0
-941.9854963740935	-0.0
-941.4853713428357	-0.0
-940.9852463115778	-0.0
-940.4851212803201	-0.0
-939.9849962490623	-0.0
-939.4848712178044	-0.0
-938.9847461865467	-0.0
-938.4846211552888	-0.0
-937.984496124031	-0.0
-937.4843710927732	-0.0
-936.9842460615154	-0.0
-936.4841210302576	-0.0
-935.9839959989997	-0.0
-935.483870967742	-0.0
-934.9837459364841	-0.0
-934.4836209052263	-0.0
-933.9834958739685	-0.0
-933.4833708427107	-0.0
-932.9832458114529	-0.0
-932.483120780195	-0.0
-931.9829957489372	-0.0
-931.4828707176794	-0.0
-930.9827456864216	-0.0
-930.4826206551638	-0.0
-929.982495623906	-0.0
-929.4823705926482	-0.0
-928.9822455613903	-0.0
-928.4821205301325	-0.0
-927.9819954988748	-0.0
-927.4818704676169	-0.0
-926.9817454363591	-0.0
-926.4816204051012	-0.0
-925.9814953738435	-0.0
-925.4813703425856	-0.0
-924.9812453113278	-0.0
-924.4811202800701	-0.0
-923.9809952488122	-0.0
-923.4808702175544	-0.0
-922.9807451862965	-0.0
-922.4806201550388	-0.0
-921.9804951237809	-0.0
-921.4803700925231	-0.0
-920.9802450612654	-0.0
-920.4801200300075	-0.0
-919.9799949987497	-0.0
-919.4798699674918	-0.0
-918.979744936234	-0.0
-918.4796199049763	-0.0
-917.9794948737184	-0.0
-917.4793698424606	-0.0
-916.9792448112028	-0.0
-916.479119779945	-0.0
-915.9789947486872	-0.0
-915.4788697174293	-0.0
-914.9787446861716	-0.0
-914.4786196549137	-0.0
-913.9784946236559	-0.0
-913.478369592398	-0.0
-912.9782445611403	-0.0
-912.4781195298824	-0.0
-911.9779944986246	-0.0
-911.4778694673669	-0.0
-910.977744436109	-0.0
-910.4776194048512	-0.0
-909.9774943735933	-0.0
-909.4773693423356	-0.0
-908.9772443110778	-0.0
-908.4771192798199	-0.0
-907.9769942485622	-0.0
-907.4768692173043	-0.0
-906.9767441860465	-0.0
-906.4766191547888	-0.0
-905.9764941235309	-0.0
-905.4763690922731	-0.0
-904.9762440610152	-0.0
-904.4761190297575	-0.0
-903.9759939984996	-0.0
-903.4758689672418	-0.0
-902.9757439359839	-0.0
-902.4756189047262	-0.0
-901.9754938734684	-0.0
-901.4753688422105	-0.0
-900.9752438109527	-0.0
-900.4751187796949	-0.0
-899.9749937484371	-0.0
-899.4748687171793	-0.0
-898.9747436859215	-0.0
-898.4746186546637	-0.0
-897.9744936234058	-0.0
-897.474368592148	-0.0
-896.9742435608903	-0.0
-896.4741185296324	-0.0
-895.9739934983746	-0.0
-895.4738684671167	-0.0
-894.973743435859	-0.0
-894.4736184046011	-0.0
-893.9734933733433	-0.0
-893.4733683420855	-0.0
-892.9732433108277	-0.0
-892.4731182795699	-0.0
-891.972993248312	-0.0
-891.4728682170543	-0.0
-890.9727431857964	-0.0
-890.4726181545386	-0.0
-889.9724931232809	-0.0
-889.472368092023	-0.0
-888.9722430607652	-0.0
-888.4721180295073	-0.0
-887.9719929982496	-0.0
-887.4718679669918	-0.0
-886.9717429357339	-0.0
-886.4716179044761	-0.0
-885.9714928732183	-0.0
-885.4713678419605	-0.0
-884.9712428107026	-0.0
-884.4711177794449	-0.0
-883.9709927481871	-0.0
-883.4708677169292	-0.0
-882.9707426856714	-0.0
-882.4706176544136	-0.0
-881.9704926231558	-0.0
-881.4703675918979	-0.0
-880.9702425606401	-0.0
-880.4701175293824	-0.0
-879.9699924981245	-0.0
-879.4698674668667	-0.0
-878.9697424356089	-0.0
-878.4696174043511	-0.0
-877.9694923730933	-0.0
-877.4693673418354	-0.0
-876.9692423105777	-0.0
-876.4691172793198	-0.0
-875.968992248062	-0.0
-875.4688672168043	-0.0
-874.9687421855464	-0.0
-874.4686171542886	-0.0
-873.9684921230307	-0.0
-873.468367091773	-0.0
-872.9682420605151	-0.0
-872.4681170292573	-0.0
-871.9679919979994	-0.0
-871.4678669667417	-0.0
-870.9677419354839	-0.0
-870.467616904226	-0.0
-869.9674918729683	-0.0
-869.4673668417104	-0.0
-868.9672418104526	-0.0
-868.4671167791948	-0.0
-867.966991747937	-0.0
-867.4668667166792	-0.0
-866.9667416854213	-0.0
-866.4666166541635	-0.0
-865.9664916229058	-0.0
-865.4663665916479	-0.0
-864.96624156039	-0.0
-864.4661165291323	-0.0
-863.9659914978745	-0.0
-863.4658664666166	-0.0
-862.9657414353588	-0.0
-862.465616404101	-0.0
-861.9654913728432	-0.0
-861.4653663415854	-0.0
-860.9652413103275	-0.0
-860.4651162790698	-0.0
-859.9649912478119	-0.0
-859.4648662165541	-0.0
-858.9647411852964	-0.0
-858.4646161540385	-0.0
-857.9644911227807	-0.0
-857.4643660915228	-0.0
-856.9642410602651	-0.0
-856.4641160290073	-0.0
-855.9639909977494	-0.0
-855.4638659664917	-0.0
-854.9637409352338	-0.0
-854.463615903976	-0.0
-853.9634908727182	-0.0
-853.4633658414604	-0.0
-852.9632408102025	-0.0
-852.4631157789447	-0.0
-851.962990747687	-0.0
-851.4628657164291	-0.0
-850.9627406851713	-0.0
-850.4626156539134	-0.0
-849.9624906226557	-0.0
-849.4623655913979	-0.0
-848.96224056014	-0.0
-848.4621155288822	-0.0
-847.9619904976244	-0.0
-847.4618654663666	-0.0
-846.9617404351088	-0.0
-846.4616154038509	-0.0
-845.9614903725932	-0.0
-845.4613653413353	-0.0
-844.9612403100775	-0.0
-844.4611152788198	-0.0
-843.9609902475619	-0.0
-843.460865216304	-0.0
-842.9607401850462	-0.0
-842.4606151537885	-0.0
-841.9604901225306	-0.0
-841.4603650912728	-0.0
-840.9602400600149	-0.0
-840.4601150287572	-0.0
-839.9599899974994	-0.0
-839.4598649662415	-0.0
-838.9597399349838	-0.0
-838.4596149037259	-0.0
-837.9594898724681	-0.0
-837.4593648412103	-0.0
-836.9592398099525	-0.0
-836.4591147786947	-0.0
-835.9589897474368	-0.0
-835.458864716179	-0.0
-834.9587396849213	-0.0
-834.4586146536634	-0.0
-833.9584896224055	-0.0
-833.4583645911478	-0.0
-832.95823955989	-0.0
-832.4581145286321	-0.0
-831.9579894973743	-0.0
-831.4578644661165	-0.0
-830.9577394348587	-0.0
-830.4576144036009	-0.0
-829.957489372343	-0.0
-829.4573643410853	-0.0
-828.9572393098274	-0.0
-828.4571142785696	-0.0
-827.9569892473119	-0.0
-827.456864216054	-0.0
-826.9567391847962	-0.0
-826.4566141535383	-0.0
-825.9564891222806	-0.0
-825.4563640910228	-0.0
-824.9562390597649	-0.0
-824.456114028507	-0.0
-823.9559889972493	-0.0
-823.4558639659915	-0.0
-822.9557389347336	-0.0
-822.4556139034759	-0.0
-821.955488872218	-0.0
-821.4553638409602	-0.0
-820.9552388097025	-0.0
-820.4551137784446	-0.0
-819.9549887471868	-0.0
-819.4548637159289	-0.0
-818.9547386846712	-0.0
-818.4546136534134	-0.0
-817.9544886221555	-0.0
-817.4543635908977	-0.0
-816.9542385596399	-0.0
-816.4541135283821	-0.0
-815.9539884971243	-0.0
-815.4538634658664	-0.0
-814.9537384346087	-0.0
-814.4536134033508	-0.0
-813.953488372093	-0.0
-813.4533633408352	-0.0
-812.9532383095774	-0.0
-812.4531132783195	-0.0
-811.9529882470617	-0.0
-811.452863215804	-0.0
-810.9527381845461	-0.0
-810.4526131532883	-0.0
-809.9524881220304	-0.0
-809.4523630907727	-0.0
-808.9522380595149	-0.0
-808.452113028257	-0.0
-807.9519879969993	-0.0
-807.4518629657414	-0.0
-806.9517379344836	-0.0
-806.4516129032259	-0.0
-805.951487871968	-0.0
-805.4513628407102	-0.0
-804.9512378094523	-0.0
-804.4511127781946	-0.0
-803.9509877469368	-0.0
-803.4508627156789	-0.0
-802.950737684421	-0.0
-802.4506126531633	-0.0
-801.9504876219055	-0.0
-801.4503625906476	-0.0
-800.9502375593898	-0.0
-800.450112528132	-0.0
-799.9499874968742	-0.0
-799.4498624656164	-0.0
-798.9497374343586	-0.0
-798.4496124031008	-0.0
-797.9494873718429	-0.0
-797.4493623405851	-0.0
-796.9492373093274	-0.0
-796.4491122780695	-0.0
-795.9489872468117	-0.0
-795.4488622155538	-0.0
-794.9487371842961	-0.0
-794.4486121530383	-0.0
-793.9484871217804	-0.0
-793.4483620905226	-0.0
-792.9482370592648	-0.0
-792.448112028007	-0.0
-791.9479869967491	-0.0
-791.4478619654914	-0.0
-790.9477369342335	-0.0
-790.4476119029757	-0.0
-789.947486871718	-0.0
-789.4473618404601	-0.0
-788.9472368092023	-0.0
-788.4471117779444	-0.0
-787.9469867466867	-0.0
-787.4468617154289	-0.0
-786.946736684171	-0.0
-786.4466116529132	-0.0
-785.9464866216554	-0.0
-785.4463615903976	-0.0
-784.9462365591398	-0.0
-784.446111527882	-0.0
-783.9459864966241	-0.0
-783.4458614653663	-0.0
-782.9457364341085	-0.0
-782.4456114028507	-0.0
-781.9454863715929	-0.0
-781.445361340335	-0.0
-780.9452363090772	-0.0
-780.4451112778195	-0.0
-779.9449862465616	-0.0
-779.4448612153038	-0.0
-778.944736184046	-0.0
-778.4446111527882	-0.0
-777.9444861215304	-0.0
-777.4443610902725	-0.0
-776.9442360590148	-0.0
-776.4441110277569	-0.0
-775.9439859964991	-0.0
-775.4438609652414	-0.0
-774.9437359339835	-0.0
-774.4436109027256	-0.0
-773.9434858714678	-0.0
-773.4433608402101	-0.0
-772.9432358089522	-0.0
-772.4431107776944	-0.0
-771.9429857464365	-0.0
-771.4428607151788	-0.0
-770.942735683921	-0.0
-770.4426106526631	-0.0
-769.9424856214054	-0.0
-769.4423605901475	-0.0
-768.9422355588897	-0.0
-768.4421105276319	-0.0
-767.9419854963741	-0.0
-767.4418604651163	-0.0
-766.9417354338584	-0.0
-766.4416104026006	-0.0
-765.9414853713429	-0.0
-765.441360340085	-0.0
-764.9412353088272	-0.0
-764.4411102775694	-0.0
-763.9409852463116	-0.0
-763.4408602150538	-0.0
-762.9407351837959	-0.0
-762.440610152538	-0.0
-761.9404851212803	-0.0
-761.4403600900225	-0.0
-760.9402350587646	-0.0
-760.4401100275069	-0.0
-759.939984996249	-0.0
-759.4398599649912	-0.0
-758.9397349337335	-0.0
-758.4396099024756	-0.0
-757.9394848712178	-0.0
-757.4393598399599	-0.0
-756.9392348087022	-0.0
-756.4391097774444	-0.0
-755.9389847461865	-0.0
-755.4388597149288	-0.0
-754.9387346836709	-0.0
-754.4386096524131	-0.0
-753.9384846211553	-0.0
-753.4383595898975	-0.0
-752.9382345586396	-0.0
-752.4381095273818	-0.0
-751.937984496124	-0.0
-751.4378594648662	-0.0
-750.9377344336084	-0.0
-750.4376094023505	-0.0
-749.9374843710928	-0.0
-749.437359339835	-0.0
-748.9372343085771	-0.0
-748.4371092773193	-0.0
-747.9369842460615	-0.0
-747.4368592148037	-0.0
-746.9367341835459	-0.0
-746.436609152288	-0.0
-745.9364841210303	-0.0
-745.4363590897724	-0.0
-744.9362340585146	-0.0
-744.4361090272569	-0.0
-743.935983995999	-0.0
-743.4358589647411	-0.0
-742.9357339334833	-0.0
-742.4356089022256	-0.0
-741.9354838709678	-0.0
-741.4353588397099	-0.0
-740.935233808452	-0.0
-740.4351087771943	-0.0
-739.9349837459365	-0.0
-739.4348587146786	-0.0
-738.9347336834209	-0.0
-738.434608652163	-0.0
-737.9344836209052	-0.0
-737.4343585896474	-0.0
-736.9342335583896	-0.0
-736.4341085271317	-0.0
-735.9339834958739	-0.0
-735.4338584646162	-0.0
-734.9337334333584	-0.0
-734.4336084021005	-0.0
-733.9334833708426	-0.0
-733.4333583395849	-0.0
-732.9332333083271	-0.0
-732.4331082770693	-0.0
-731.9329832458114	-0.0
-731.4328582145536	-0.0
-730.9327331832958	-0.0
-730.432608152038	-0.0
-729.9324831207801	-0.0
-729.4323580895224	-0.0
-728.9322330582645	-0.0
-728.4321080270067	-0.0
-727.931982995749	-0.0
-727.4318579644911	-0.0
-726.9317329332332	-0.0
-726.4316079019754	-0.0
-725.9314828707177	-0.0
-725.4313578394599	-0.0
-724.931232808202	-0.0
-724.4311077769441	-0.0
-723.9309827456864	-0.0
-723.4308577144286	-0.0
-722.9307326831708	-0.0
-722.430607651913	-0.0
-721.9304826206551	-0.0
-721.4303575893973	-0.0
-720.9302325581396	-0.0
-720.4301075268818	-0.0
-719.9299824956239	-0.0
-719.429857464366	-0.0
-718.9297324331083	-0.0
-718.4296074018505	-0.0
-717.9294823705926	-0.0
-717.4293573393347	-0.0
-716.929232308077	-0.0
-716.4291072768192	-0.0
-715.9289822455614	-0.0
-715.4288572143035	-0.0
-714.9287321830457	-0.0
-714.4286071517879	-0.0
-713.9284821205301	-0.0
-713.4283570892724	-0.0
-712.9282320580145	-0.0
-712.4281070267566	-0.0
-711.9279819954988	-0.0
-711.4278569642411	-0.0
-710.9277319329833	-0.0
-710.4276069017254	-0.0
-709.9274818704675	-0.0
-709.4273568392098	-0.0
-708.927231807952	-0.0
-708.4271067766941	-0.0
-707.9269817454364	-0.0
-707.4268567141785	-0.0
-706.9267316829207	-0.0
-706.426606651663	-0.0
-705.9264816204051	-0.0
-705.4263565891472	-0.0
-704.9262315578894	-0.0
-704.4261065266317	-0.0
-703.9259814953739	-0.0
-703.425856464116	-0.0
-702.9257314328581	-0.0
-702.4256064016004	-0.0
-701.9254813703426	-0.0
-701.4253563390848	-0.0
-700.925231307827	-0.0
-700.4251062765691	-0.0
-699.9249812453113	-0.0
-699.4248562140535	-0.0
-698.9247311827957	-0.0
-698.4246061515379	-0.0
-697.92448112028	-0.0
-697.4243560890222	-0.0
-696.9242310577645	-0.0
-696.4241060265066	-0.0
-695.9239809952487	-0.0
-695.423855963991	-0.0
-694.9237309327332	-0.0
-694.4236059014754	-0.0
-693.9234808702175	-0.0
-693.4233558389597	-0.0
-692.9232308077019	-0.0
-692.4231057764441	-0.0
-691.9229807451864	-0.0
-691.4228557139285	-0.0
-690.9227306826706	-0.0
-690.4226056514128	-0.0
-689.922480620155	-0.0
-689.4223555888972	-0.0
-688.9222305576394	-0.0
-688.4221055263815	-0.0
-687.9219804951238	-0.0
-687.421855463866	-0.0
-686.9217304326081	-0.0
-686.4216054013502	-0.0
-685.9214803700925	-0.0
-685.4213553388347	-0.0
-684.9212303075769	-0.0
-684.421105276319	-0.0
-683.9209802450612	-0.0
-683.4208552138034	-0.0
-682.9207301825456	-0.0
-682.4206051512879	-0.0
-681.92048012003	-0.0
-681.4203550887721	-0.0
-680.9202300575143	-0.0
-680.4201050262566	-0.0
-679.9199799949987	-0.0
-679.4198549637409	-0.0
-678.919729932483	-0.0
-678.4196049012253	-0.0
-677.9194798699675	-0.0
-677.4193548387096	-0.0
-676.9192298074518	-0.0
-676.419104776194	-0.0
-675.9189797449362	-0.0
-675.4188547136785	-0.0
-674.9187296824206	-0.0
-674.4186046511627	-0.0
-673.9184796199049	-0.0
-673.4183545886472	-0.0
-672.9182295573894	-0.0
-672.4181045261315	-0.0
-671.9179794948736	-0.0
-671.4178544636159	-0.0
-670.9177294323581	-0.0
-670.4176044011003	-0.0
-669.9174793698425	-0.0
-669.4173543385846	-0.0
-668.9172293073268	-0.0
-668.417104276069	-0.0
-667.9169792448112	-0.0
-667.4168542135534	-0.0
-666.9167291822955	-0.0
-666.4166041510377	-0.0
-665.91647911978	-0.0
-665.4163540885221	-0.0
-664.9162290572642	-0.0
-664.4161040260065	-0.0
-663.9159789947487	-0.0
-663.4158539634909	-0.0
-662.915728932233	-0.0
-662.4156039009752	-0.0
-661.9154788697174	-0.0
-661.4153538384596	-0.0
-660.9152288072019	-0.0
-660.415103775944	-0.0
-659.9149787446861	-0.0
-659.4148537134283	-0.0
-658.9147286821706	-0.0
-658.4146036509127	-0.0
-657.9144786196549	-0.0
-657.414353588397	-0.0
-656.9142285571393	-0.0
-656.4141035258815	-0.0
-655.9139784946236	-0.0
-655.4138534633657	-0.0
-654.913728432108	-0.0
-654.4136034008502	-0.0
-653.9134783695924	-0.0
-653.4133533383346	-0.0
-652.9132283070767	-0.0
-652.4131032758189	-0.0
-651.9129782445611	-0.0
-651.4128532133034	-0.0
-650.9127281820455	-0.0
-650.4126031507876	-0.0
-649.9124781195299	-0.0
-649.4123530882721	-0.0
-648.9122280570142	-0.0
-648.4121030257564	-0.0
-647.9119779944986	-0.0
-647.4118529632408	-0.0
-646.911727931983	-0.0
-646.4116029007251	-0.0
-645.9114778694673	-0.0
-645.4113528382095	-0.0
-644.9112278069517	-0.0
-644.411102775694	-0.0
-643.9109777444361	-0.0
-643.4108527131782	-0.0
-642.9107276819204	-0.0
-642.4106026506627	-0.0
-641.9104776194049	-0.0
-641.410352588147	-0.0
-640.9102275568891	-0.0
-640.4101025256314	-0.0
-639.9099774943736	-0.0
-639.4098524631157	-0.0
-638.909727431858	-0.0
-638.4096024006001	-0.0
-637.9094773693423	-0.0
-637.4093523380845	-0.0
-636.9092273068267	-0.0
-636.4091022755688	-0.0
-635.908977244311	-0.0
-635.4088522130533	-0.0
-634.9087271817955	-0.0
-634.4086021505376	-0.0
-633.9084771192797	-0.0
-633.408352088022	-0.0
-632.9082270567642	-0.0
-632.4081020255064	-0.0
-631.9079769942485	-0.0
-631.4078519629907	-0.0
-630.9077269317329	-0.0
-630.4076019004751	-0.0
-629.9074768692174	-0.0
-629.4073518379595	-0.0
-628.9072268067016	-0.0
-628.4071017754438	-0.0
-627.9069767441861	-0.0
-627.4068517129282	-0.0
-626.9067266816703	-0.0
-626.4066016504125	-0.0
-625.9064766191548	-0.0
-625.406351587897	-0.0
-624.9062265566391	-0.0
-624.4061015253812	-0.0
-623.9059764941235	-0.0
-623.4058514628657	-0.0
-622.905726431608	-0.0
-622.4056014003501	-0.0
-621.9054763690922	-0.0
-621.4053513378344	-0.0
-620.9052263065767	-0.0
-620.4051012753189	-0.0
-619.904976244061	-0.0
-619.4048512128031	-0.0
-618.9047261815454	-0.0
-618.4046011502876	-0.0
-617.9044761190297	-0.0
-617.4043510877719	-0.0
-616.9042260565141	-0.0
-616.4041010252563	-0.0
-615.9039759939985	-0.0
-615.4038509627406	-0.0
-614.9037259314828	-0.0
-614.403600900225	-0.0
-613.9034758689672	-0.0
-613.4033508377095	-0.0
-612.9032258064516	-0.0
-612.4031007751937	-0.0
-611.9029757439359	-0.0
-611.4028507126782	-0.0
-610.9027256814204	-0.0
-610.4026006501625	-0.0
-609.9024756189046	-0.0
-609.4023505876469	-0.0
-608.9022255563891	-0.0
-608.4021005251312	-0.0
-607.9019754938735	-0.0
-607.4018504626156	-0.0
-606.9017254313578	-0.0
-606.4016004001	-0.0
-605.9014753688422	-0.0
-605.4013503375843	-0.0
-604.9012253063265	-0.0
-604.4011002750688	-0.0
-603.900975243811	-0.0
-603.4008502125531	-0.0
-602.9007251812952	-0.0
-602.4006001500375	-0.0
-601.9004751187797	-0.0
-601.4003500875219	-0.0
-600.900225056264	-0.0
-600.4001000250062	-0.0
-599.8999749937484	-0.0
-599.3998499624906	-0.0
-598.8997249312328	-0.0
-598.399599899975	-0.0
-597.8994748687171	-0.0
-597.3993498374593	-0.0
-596.8992248062016	-0.0
-596.3990997749437	-0.0
-595.8989747436858	-0.0
-595.398849712428	-0.0
-594.8987246811703	-0.0
-594.3985996499125	-0.0
-593.8984746186546	-0.0
-593.3983495873968	-0.0
-592.898224556139	-0.0
-592.3980995248812	-0.0
-591.8979744936235	-0.0
-591.3978494623656	-0.0
-590.8977244311077	-0.0
-590.3975993998499	-0.0
-589.8974743685922	-0.0
-589.3973493373343	-0.0
-588.8972243060765	-0.0
-588.3970992748186	-0.0
-587.8969742435609	-0.0
-587.3968492123031	-0.0
-586.8967241810452	-0.0
-586.3965991497873	-0.0
-585.8964741185296	-0.0
-585.3963490872718	-0.0
-584.896224056014	-0.0
-584.3960990247562	-0.0
-583.8959739934983	-0.0
-583.3958489622405	-0.0
-582.8957239309827	-0.0
-582.395598899725	-0.0
-581.8954738684671	-0.0
-581.3953488372092	-0.0
-580.8952238059514	-0.0
-580.3950987746937	-0.0
-579.8949737434359	-0.0
-579.394848712178	-0.0
-578.8947236809202	-0.0
-578.3945986496624	-0.0
-577.8944736184046	-0.0
-577.3943485871467	-0.0
-576.8942235558889	-0.0
-576.3940985246311	-0.0
-575.8939734933733	-0.0
-575.3938484621156	-0.0
-574.8937234308577	-0.0
-574.3935983995998	-0.0
-573.893473368342	-0.0
-573.3933483370843	-0.0
-572.8932233058265	-0.0
-572.3930982745686	-0.0
-571.8929732433107	-0.0
-571.392848212053	-0.0
-570.8927231807952	-0.0
-570.3925981495374	-0.0
-569.8924731182796	-0.0
-569.3923480870217	-0.0
-568.8922230557639	-0.0
-568.3920980245061	-0.0
-567.8919729932483	-0.0
-567.3918479619905	-0.0
-566.8917229307326	-0.0
-566.3915978994748	-0.0
-565.8914728682171	-0.0
-565.3913478369592	-0.0
-564.8912228057013	-0.0
-564.3910977744436	-0.0
-563.8909727431858	-0.0
-563.390847711928	-0.0
-562.8907226806701	-0.0
-562.3905976494123	-0.0
-561.8904726181545	-0.0
-561.3903475868967	-0.0
-560.890222555639	-0.0
-560.3900975243811	-0.0
-559.8899724931232	-0.0
-559.3898474618654	-0.0
-558.8897224306077	-0.0
-558.3895973993498	-0.0
-557.889472368092	-0.0
-557.3893473368341	-0.0
-556.8892223055764	-0.0
-556.3890972743186	-0.0
-555.8889722430607	-0.0
-555.3888472118028	-0.0
-554.8887221805451	-0.0
-554.3885971492873	-0.0
-553.8884721180295	-0.0
-553.3883470867717	-0.0
-552.8882220555138	-0.0
-552.388097024256	-0.0
-551.8879719929982	-0.0
-551.3878469617405	-0.0
-550.8877219304826	-0.0
-550.3875968992247	-0.0
-549.887471867967	-0.0
-549.3873468367092	-0.0
-548.8872218054513	-0.0
-548.3870967741935	-0.0
-547.8869717429357	-0.0
-547.3868467116779	-0.0
-546.8867216804201	-0.0
-546.3865966491622	-0.0
-545.8864716179044	-0.0
-545.3863465866466	-0.0
-544.8862215553888	-0.0
-544.3860965241311	-0.0
-543.8859714928732	-0.0
-543.3858464616153	-0.0
-542.8857214303575	-0.0
-542.3855963990998	-0.0
-541.885471367842	-0.0
-541.3853463365841	-0.0
-540.8852213053262	-0.0
-540.3850962740685	-0.0
-539.8849712428107	-0.0
-539.3848462115529	-0.0
-538.8847211802951	-0.0
-538.3845961490372	-0.0
-537.8844711177794	-0.0
-537.3843460865216	-0.0
-536.8842210552638	-0.0
-536.3840960240059	-0.0
-535.8839709927481	-0.0
-535.3838459614904	-0.0
-534.8837209302326	-0.0
-534.3835958989747	-0.0
-533.8834708677168	-0.0
-533.3833458364591	-0.0
-532.8832208052013	-0.0
-532.3830957739435	-0.0
-531.8829707426856	-0.0
-531.3828457114278	-0.0
-530.88272068017	-0.0
-530.3825956489122	-0.0
-529.8824706176545	-0.0
-529.3823455863966	-0.0
-528.8822205551387	-0.0
-528.3820955238809	-0.0
-527.8819704926232	-0.0
-527.3818454613653	-0.0
-526.8817204301075	-0.0
-526.3815953988496	-0.0
-525.8814703675919	-0.0
-525.3813453363341	-0.0
-524.8812203050762	-0.0
-524.3810952738183	-0.0
-523.8809702425606	-0.0
-523.3808452113028	-0.0
-522.880720180045	-0.0
-522.3805951487872	-0.0
-521.8804701175293	-0.0
-521.3803450862715	-0.0
-520.8802200550138	-0.0
-520.380095023756	-0.0
-519.8799699924981	-0.0
-519.3798449612402	-0.0
-518.8797199299825	-0.0
-518.3795948987247	-0.0
-517.8794698674668	-0.0
-517.379344836209	-0.0
-516.8792198049512	-0.0
-516.3790947736934	-0.0
-515.8789697424356	-0.0
-515.3788447111777	-0.0
-514.8787196799199	-0.0
-514.3785946486621	-0.0
-513.8784696174043	-0.0
-513.3783445861466	-0.0
-512.8782195548887	-0.0
-512.3780945236308	-0.0
-511.87796949237304	-0.0
-511.3778444611152	-0.0
-510.87771942985745	-0.0
-510.3775943985996	-0.0
-509.8774693673418	-0.0
-509.377344336084	-0.0
-508.87721930482616	-0.0
-508.37709427356833	-0.0
-507.87696924231057	-0.0
-507.37684421105274	-0.0
-506.8767191797949	-0.0
-506.3765941485371	-0.0
-505.87646911727927	-0.0
-505.37634408602145	-0.0
-504.8762190547637	-0.0
-504.37609402350586	-0.0
-503.87596899224803	-0.0
-503.3758439609902	-0.0
-502.8757189297324	-0.0
-502.37559389847456	-0.0
-501.8754688672168	-0.0
-501.375343835959	-0.0
-500.87521880470115	-0.0
-500.3750937734433	-0.0
-499.8749687421855	-0.0
-499.3748437109277	-0.0
-498.87471867966985	-0.0
-498.3745936484121	-0.0
-497.87446861715426	-0.0
-497.37434358589644	-0.0
-496.8742185546386	-0.0
-496.3740935233808	-0.0
-495.87396849212297	-0.0
-495.3738434608652	-0.0
-494.8737184296074	-0.0
-494.37359339834956	-0.0
-493.87346836709173	-0.0
-493.3733433358339	-0.0
-492.8732183045761	-0.0
-492.3730932733183	-0.0
-491.8729682420605	-0.0
-491.37284321080267	-0.0
-490.87271817954485	-0.0
-490.372593148287	-0.0
-489.8724681170292	-0.0
-489.37234308577143	-0.0
-488.8722180545136	-0.0
-488.3720930232558	-0.0
-487.87196799199796	-0.0
-487.3718429607402	-0.0
-486.8717179294823	-0.0
-486.37159289822455	-0.0
-485.87146786696667	-0.0
-485.3713428357089	-0.0
-484.871217804451	-0.0
-484.37109277319325	-0.0
-483.8709677419355	-0.0
-483.3708427106776	-0.0
-482.87071767941984	-0.0
-482.37059264816196	-0.0
-481.8704676169042	-0.0
-481.3703425856464	-0.0
-480.87021755438855	-0.0
-480.3700925231308	-0.0
-479.8699674918729	-0.0
-479.36984246061513	-0.0
-478.86971742935725	-0.0
-478.3695923980995	-0.0
-477.8694673668417	-0.0
-477.36934233558384	-0.0
-476.86921730432607	-0.0
-476.3690922730682	-0.0
-475.8689672418104	-0.0
-475.36884221055266	-0.0
-474.8687171792948	-0.0
-474.368592148037	-0.0
-473.86846711677913	-0.0
-473.36834208552136	-0.0
-472.8682170542635	-0.0
-472.3680920230057	-0.0
-471.86796699174795	-0.0
-471.36784196049007	-0.0
-470.8677169292323	-0.0
-470.3675918979744	-0.0
-469.86746686671665	-0.0
-469.3673418354588	-0.0
-468.867216804201	-0.0
-468.36709177294324	-0.0
-467.86696674168536	-0.0
-467.3668417104276	-0.0
-466.8667166791697	-0.0
-466.36659164791195	-0.0
-465.8664666166542	-0.0
-465.3663415853963	-0.0
-464.86621655413853	-0.0
-464.36609152288065	-0.0
-463.8659664916229	-0.0
-463.365841460365	-0.0
-462.86571642910724	-0.0
-462.36559139784947	-0.0
-461.8654663665916	-0.0
-461.3653413353338	-0.0
-460.86521630407594	-0.0
-460.3650912728182	-0.0
-459.8649662415603	-0.0
-459.36484121030253	-0.0
-458.86471617904476	-0.0
-458.3645911477869	-0.0
-457.8644661165291	-0.0
-457.36434108527123	-0.0
-456.86421605401347	-0.0
-456.3640910227557	-0.0
-455.8639659914978	-0.0
-455.36384096024005	-0.0
-454.8637159289822	-0.0
-454.3635908977244	-0.0
-453.8634658664665	-0.0
-453.36334083520876	-0.0
-452.863215803951	-0.0
-452.3630907726931	-0.0
-451.86296574143535	-0.0
-451.36284071017747	-0.0
-450.8627156789197	-0.0
-450.36259064766193	-0.0
-449.86246561640405	-0.0
-449.3623405851463	-0.0
-448.8622155538884	-0.0
-448.36209052263064	-0.0
-447.86196549137276	-0.0
-447.361840460115	-0.0
-446.8617154288572	-0.0
-446.36159039759934	-0.0
-445.8614653663416	-0.0
-445.3613403350837	-0.0
-444.86121530382593	-0.0
-444.36109027256805	-0.0
-443.8609652413103	-0.0
-443.3608402100525	-0.0
-442.86071517879463	-0.0
-442.36059014753687	-0.0
-441.860465116279	-0.0
-441.3603400850212	-0.0
-440.86021505376345	-0.0
-440.3600900225056	-0.0
-439.8599649912478	-0.0
-439.3598399599899	-0.0
-438.85971492873216	-0.0
-438.3595898974743	-0.0
-437.8594648662165	-0.0
-437.35933983495875	-0.0
-436.85921480370087	-0.0
-436.3590897724431	-0.0
-435.8589647411852	-0.0
-435.35883970992745	-0.0
-434.85871467866957	-0.0
-434.3585896474118	-0.0
-433.85846461615404	-0.0
-433.35833958489616	-0.0
-432.8582145536384	-0.0
-432.3580895223805	-0.0
-431.85796449112274	-0.0
-431.357839459865	-0.0
-430.8577144286071	-0.0
-430.35758939734933	-0.0
-429.85746436609145	-0.0
-429.3573393348337	-0.0
-428.8572143035758	-0.0
-428.35708927231804	-0.0
-427.85696424106027	-0.0
-427.3568392098024	-0.0
-426.8567141785446	-0.0
-426.35658914728674	-0.0
-425.856464116029	-0.0
-425.3563390847712	-0.0
-424.8562140535133	-0.0
-424.35608902225556	-0.0
-423.8559639909977	-0.0
-423.3558389597399	-0.0
-422.85571392848203	-0.0
-422.35558889722427	-0.0
-421.8554638659665	-0.0
-421.3553388347086	-0.0
-420.85521380345085	-0.0
-420.35508877219297	-0.0
-419.8549637409352	-0.0
-419.3548387096773	-0.0
-418.85471367841956	-0.0
-418.3545886471618	-0.0
-417.8544636159039	-0.0
-417.35433858464614	-0.0
-416.85421355338826	-0.0
-416.3540885221305	-0.0
-415.85396349087273	-0.0
-415.35383845961485	-0.0
-414.8537134283571	-0.0
-414.3535883970992	-0.0
-413.85346336584144	-0.0
-413.35333833458355	-0.0
-412.8532133033258	-0.0
-412.353088272068	-0.0
-411.85296324081014	-0.0
-411.3528382095524	-0.0
-410.8527131782945	-0.0
-410.3525881470367	-0.0
-409.85246311577885	-0.0
-409.3523380845211	-0.0
-408.8522130532633	-0.0
-408.35208802200543	-0.0
-407.85196299074767	-0.0
-407.3518379594898	-0.0
-406.851712928232	-0.0
-406.35158789697425	-0.0
-405.85146286571637	-0.0
-405.3513378344586	-0.0
-404.8512128032007	-0.0
-404.35108777194296	-0.0
-403.8509627406851	-0.0
-403.3508377094273	-0.0
-402.85071267816954	-0.0
-402.35058764691166	-0.0
-401.8504626156539	-0.0
-401.350337584396	-0.0
-400.85021255313825	-0.0
-400.3500875218805	-0.0
-399.8499624906226	-0.0
-399.34983745936484	-0.0
-398.84971242810695	-0.0
-398.3495873968492	-0.0
-397.8494623655913	-0.0
-397.34933733433354	-0.0
-396.8492123030758	-0.0
-396.3490872718179	-0.0
-395.8489622405601	-0.0
-395.34883720930225	-0.0
-394.8487121780445	-0.0
-394.3485871467866	-0.0
-393.84846211552883	-0.0
-393.34833708427107	-0.0
-392.8482120530132	-0.0
-392.3480870217554	-0.0
-391.84796199049754	-0.0
-391.34783695923977	-0.0
-390.847711927982	-0.0
-390.3475868967241	-0.0
-389.84746186546636	-0.0
-389.3473368342085	-0.0
-388.8472118029507	-0.0
-388.34708677169283	-0.0
-387.84696174043506	-0.0
-387.3468367091773	-0.0
-386.8467116779194	-0.0
-386.34658664666165	-0.0
-385.84646161540377	-0.0
-385.346336584146	-0.0
-384.8462115528881	-0.0
-384.34608652163035	-0.0
-383.8459614903726	-0.0
-383.3458364591147	-0.0
-382.84571142785694	-0.0
-382.34558639659906	-0.0
-381.8454613653413	-0.0
-381.3453363340835	-0.0
-380.84521130282565	-0.0
-380.3450862715679	-0.0
-379.84496124031	-0.0
-379.34483620905223	-0.0
-378.84471117779435	-0.0
-378.3445861465366	-0.0
-377.8444611152788	-0.0
-377.34433608402094	-0.0
-376.84421105276317	-0.0
-376.3440860215053	-0.0
-375.8439609902475	-0.0
-375.34383595898976	-0.0
-374.8437109277319	-0.0
-374.3435858964741	-0.0
-373.84346086521623	-0.0
-373.34333583395846	-0.0
-372.8432108027006	-0.0
-372.3430857714428	-0.0
-371.84296074018505	-0.0
-371.34283570892717	-0.0
-370.8427106776694	-0.0
-370.3425856464115	-0.0
-369.84246061515375	-0.0
-369.3423355838959	-0.0
-368.8422105526381	-0.0
-368.34208552138034	-0.0
-367.84196049012246	-0.0
-367.3418354588647	-0.0
-366.8417104276068	-0.0
-366.34158539634905	-0.0
-365.8414603650913	-0.0
-365.3413353338334	-0.0
-364.84121030257563	-0.0
-364.34108527131775	-0.0
-363.84096024006	-0.0
-363.3408352088021	-0.0
-362.84071017754434	-0.0
-362.34058514628657	-0.0
-361.8404601150287	-0.0
-361.3403350837709	-0.0
-360.84021005251304	-0.0
-360.3400850212553	-0.0
-359.8399599899974	-0.0
-359.33983495873963	-0.0
-358.83970992748186	-0.0
-358.339584896224	-0.0
-357.8394598649662	-0.0
-357.33933483370834	-0.0
-356.83920980245057	-0.0
-356.3390847711928	-0.0
-355.8389597399349	-0.0
-355.33883470867715	-0.0
-354.8387096774193	-0.0
-354.3385846461615	-0.0
-353.8384596149036	-0.0
-353.33833458364586	-0.0
-352.8382095523881	-0.0
-352.3380845211302	-0.0
-351.83795948987245	-0.0
-351.33783445861457	-0.0
-350.8377094273568	-0.0
-350.33758439609903	-0.0
-349.83745936484115	-0.0
-349.3373343335834	-0.0
-348.8372093023255	-0.0
-348.33708427106774	-0.0
-347.83695923980986	-0.0
-347.3368342085521	-0.0
-346.8367091772943	-0.0
-346.33658414603644	-0.0
-345.8364591147787	-0.0
-345.3363340835208	-0.0
-344.83620905226303	-0.0
-344.33608402100515	-0.0
-343.8359589897474	-0.0
-343.3358339584896	-0.0
-342.83570892723174	-0.0
-342.33558389597397	-0.0
-341.8354588647161	-0.0
-341.3353338334583	-0.0
-340.83520880220055	-0.0
-340.3350837709427	-0.0
-339.8349587396849	-0.0
-339.334833708427	-0.0
-338.83470867716926	-0.0
-338.3345836459114	-0.0
-337.8344586146536	-0.0
-337.33433358339585	-0.0
-336.83420855213797	-0.0
-336.3340835208802	-0.0
-335.8339584896223	-0.0
-335.33383345836455	-0.0
-334.8337084271068	-0.0
-334.3335833958489	-0.0
-333.83345836459114	-0.0
-333.33333333333326	-0.0
-332.8332083020755	-0.0
-332.3330832708176	-0.0
-331.83295823955984	-0.0
-331.3328332083021	-0.0
-330.8327081770442	-0.0
-330.33258314578643	-0.0
-329.83245811452855	-0.0
-329.3323330832708	-0.0
-328.8322080520129	-0.0
-328.33208302075514	-0.0
-327.83195798949737	-0.0
-327.3318329582395	-0.0
-326.8317079269817	-0.0
-326.33158289572384	-0.0
-325.8314578644661	-0.0
-325.3313328332083	-0.0
-324.8312078019504	-0.0
-324.33108277069266	-0.0
-323.8309577394348	-0.0
-323.330832708177	-0.0
-322.83070767691913	-0.0
-322.33058264566137	-0.0
-321.8304576144036	-0.0
-321.3303325831457	-0.0
-320.83020755188795	-0.0
-320.33008252063007	-0.0
-319.8299574893723	-0.0
-319.3298324581144	-0.0
-318.82970742685666	-0.0
-318.3295823955989	-0.0
-317.829457364341	-0.0
-317.32933233308324	-0.0
-316.82920730182536	-0.0
-316.3290822705676	-0.0
-315.82895723930983	-0.0
-315.32883220805195	-0.0
-314.8287071767942	-0.0
-314.3285821455363	-0.0
-313.82845711427854	-0.0
-313.32833208302065	-0.0
-312.8282070517629	-0.0
-312.3280820205051	-0.0
-311.82795698924724	-0.0
-311.3278319579895	-0.0
-310.8277069267316	-0.0
-310.3275818954738	-0.0
-309.82745686421606	-0.0
-309.3273318329582	-0.0
-308.8272068017004	-0.0
-308.32708177044253	-0.0
-307.82695673918477	-0.0
-307.3268317079269	-0.0
-306.8267066766691	-0.0
-306.32658164541135	-0.0
-305.82645661415347	-0.0
-305.3263315828957	-0.0
-304.8262065516378	-0.0
-304.32608152038006	-0.0
-303.8259564891222	-0.0
-303.3258314578644	-0.0
-302.82570642660664	-0.0
-302.32558139534876	-0.0
-301.825456364091	-0.0
-301.3253313328331	-0.0
-300.82520630157535	-0.0
-300.3250812703176	-0.0
-299.8249562390597	-0.0
-299.32483120780194	-0.0
-298.82470617654405	-0.0
-298.3245811452863	-0.0
-297.8244561140284	-0.0
-297.32433108277064	-0.0
-296.8242060515129	-0.0
-296.324081020255	-0.0
-295.8239559889972	-0.0
-295.32383095773935	-0.0
-294.8237059264816	-0.0
-294.3235808952237	-0.0
-293.82345586396593	-0.0
-293.32333083270817	-0.0
-292.8232058014503	-0.0
-292.3230807701925	-0.0
-291.82295573893464	-0.0
-291.32283070767687	-0.0
-290.8227056764191	-0.0
-290.3225806451612	-0.0
-289.82245561390346	-0.0
-289.3223305826456	-0.0
-288.8222055513878	-0.0
-288.32208052012993	-0.0
-287.82195548887216	-0.0
-287.3218304576144	-0.0
-286.8217054263565	-0.0
-286.32158039509875	-0.0
-285.82145536384087	-0.0
-285.3213303325831	-0.0
-284.82120530132534	-0.0
-284.32108027006745	-0.0
-283.8209552388097	-0.0
-283.3208302075518	-0.0
-282.82070517629404	-0.0
-282.32058014503616	-0.0
-281.8204551137784	-0.0
-281.3203300825206	-0.0
-280.82020505126275	-0.0
-280.320080020005	-0.0
-279.8199549887471	-0.0
-279.31982995748933	-0.0
-278.81970492623145	-0.0
-278.3195798949737	-0.0
-277.8194548637159	-0.0
-277.31932983245804	-0.0
-276.81920480120027	-0.0
-276.3190797699424	-0.0
-275.8189547386846	-0.0
-275.31882970742686	-0.0
-274.818704676169	-0.0
-274.3185796449112	-0.0
-273.81845461365333	-0.0
-273.31832958239556	-0.0
-272.8182045511377	-0.0
-272.3180795198799	-0.0
-271.81795448862215	-0.0
-271.31782945736427	-0.0
-270.8177044261065	-0.0
-270.3175793948486	-0.0
-269.81745436359085	-0.0
-269.317329332333	-0.0
-268.8172043010752	-0.0
-268.31707926981744	-0.0
-267.81695423855956	-0.0
-267.3168292073018	-0.0
-266.8167041760439	-0.0
-266.31657914478615	-0.0
-265.8164541135284	-0.0
-265.3163290822705	-0.0
-264.81620405101273	-0.0
-264.31607901975485	-0.0
-263.8159539884971	-0.0
-263.3158289572392	-0.0
-262.81570392598144	-0.0
-262.31557889472367	-0.0
-261.8154538634658	-0.0
-261.315328832208	-0.0
-260.81520380095014	-0.0
-260.3150787696924	-0.0
-259.8149537384346	-0.0
-259.31482870717673	-0.0
-258.81470367591896	-0.0
-258.3145786446611	-0.0
-257.8144536134033	-0.0
-257.31432858214544	-0.0
-256.81420355088767	-0.0
-256.3140785196299	-0.0
-255.81395348837202	-0.0
-255.31382845711425	-0.0
-254.81370342585637	-0.0
-254.3135783945986	-0.0
-253.81345336334073	-0.0
-253.31332833208296	-0.0
-252.8132033008252	-0.0
-252.3130782695673	-0.0
-251.81295323830955	-0.0
-251.31282820705167	-0.0
-250.8127031757939	-0.0
-250.31257814453613	-0.0
-249.81245311327825	-0.0
-249.31232808202049	-0.0
-248.8122030507626	-0.0
-248.31207801950484	-0.0
-247.81195298824696	-0.0
-247.3118279569892	-0.0
-246.81170292573142	-0.0
-246.31157789447354	-0.0
-245.81145286321578	-0.0
-245.3113278319579	-0.0
-244.81120280070013	-0.0
-244.31107776944225	-0.0
-243.81095273818448	-0.0
-243.31082770692672	-0.0
-242.81070267566884	-0.0
-242.31057764441107	-0.0
-241.8104526131532	-0.0
-241.31032758189542	-0.0
-240.81020255063765	-0.0
-240.31007751937977	-0.0
-239.809952488122	-0.0
-239.30982745686413	-0.0
-238.80970242560636	-0.0
-238.30957739434848	-0.0
-237.8094523630907	-0.0
-237.30932733183295	-0.0
-236.80920230057507	-0.0
-236.3090772693173	-0.0
-235.80895223805942	-0.0
-235.30882720680165	-0.0
-234.80870217554389	-0.0
-234.308577144286	-0.0
-233.80845211302824	-0.0
-233.30832708177036	-0.0
-232.8082020505126	-0.0
-232.3080770192547	-0.0
-231.80795198799694	-0.0
-231.30782695673918	-0.0
-230.8077019254813	-0.0
-230.30757689422353	-0.0
-229.80745186296565	-0.0
-229.30732683170788	-0.0
-228.80720180045	-0.0
-228.30707676919224	-0.0
-227.80695173793447	-0.0
-227.3068267066766	-0.0
-226.80670167541882	-0.0
-226.30657664416094	-0.0
-225.80645161290317	-0.0
-225.3063265816454	-0.0
-224.80620155038753	-0.0
-224.30607651912976	-0.0
-223.80595148787188	-0.0
-223.3058264566141	-0.0
-222.80570142535623	-0.0
-222.30557639409847	-0.0
-221.8054513628407	-0.0
-221.30532633158282	-0.0
-220.80520130032505	-0.0
-220.30507626906717	-0.0
-219.8049512378094	-0.0
-219.30482620655164	-0.0
-218.80470117529376	-0.0
-218.304576144036	-0.0
-217.8044511127781	-0.0
-217.30432608152034	-0.0
-216.80420105026246	-0.0
-216.3040760190047	-0.0
-215.80395098774693	-0.0
-215.30382595648905	-0.0
-214.80370092523128	-0.0
-214.3035758939734	-0.0
-213.80345086271564	-0.0
-213.30332583145776	-0.0
-212.8032008002	-0.0
-212.30307576894222	-0.0
-211.80295073768434	-0.0
-211.30282570642657	-0.0
-210.8027006751687	-0.0
-210.30257564391093	-0.0
-209.80245061265316	-0.0
-209.30232558139528	-0.0
-208.8022005501375	-0.0
-208.30207551887963	-0.0
-207.80195048762187	-0.0
-207.30182545636399	-0.0
-206.80170042510622	-0.0
-206.30157539384845	-0.0
-205.80145036259057	-0.0
-205.3013253313328	-0.0
-204.80120030007492	-0.0
-204.30107526881716	-0.0
-203.80095023755928	-0.0
-203.3008252063015	-0.0
-202.80070017504374	-0.0
-202.30057514378586	-0.0
-201.8004501125281	-0.0
-201.30032508127022	-0.0
-200.80020005001245	-0.0
-200.30007501875468	-0.0
-199.7999499874968	-0.0
-199.29982495623904	-0.0
-198.79969992498116	-0.0
-198.2995748937234	-0.0
-197.7994498624655	-0.0
-197.29932483120774	-0.0
-196.79919979994997	-0.0
-196.2990747686921	-0.0
-195.79894973743433	-0.0
-195.29882470617645	-0.0
-194.79869967491868	-0.0
-194.2985746436609	-0.0
-193.79844961240303	-0.0
-193.29832458114527	-0.0
-192.79819954988739	-0.0
-192.29807451862962	-0.0
-191.79794948737174	-0.0
-191.29782445611397	-0.0
-190.7976994248562	-0.0
-190.29757439359832	-0.0
-189.79744936234056	-0.0
-189.29732433108268	-0.0
-188.7971992998249	-0.0
-188.29707426856703	-0.0
-187.79694923730926	-0.0
-187.2968242060515	-0.0
-186.79669917479362	-0.0
-186.29657414353585	-0.0
-185.79644911227797	-0.0
-185.2963240810202	-0.0
-184.79619904976244	-0.0
-184.29607401850456	-0.0
-183.7959489872468	-0.0
-183.2958239559889	-0.0
-182.79569892473114	-0.0
-182.29557389347326	-0.0
-181.7954488622155	-0.0
-181.29532383095773	-0.0
-180.79519879969985	-0.0
-180.29507376844208	-0.0
-179.7949487371842	-0.0
-179.29482370592643	-0.0
-178.79469867466855	-0.0
-178.29457364341079	-0.0
-177.79444861215302	-0.0
-177.29432358089514	-0.0
-176.79419854963737	-0.0
-176.2940735183795	-0.0
-175.79394848712172	-0.0
-175.29382345586396	-0.0
-174.79369842460608	-0.0
-174.2935733933483	-0.0
-173.79344836209043	-0.0
-173.29332333083266	-0.0
-172.79319829957478	-0.0
-172.29307326831702	-0.0
-171.79294823705925	-0.0
-171.29282320580137	-0.0
-170.7926981745436	-0.0
-170.29257314328572	-0.0
-169.79244811202796	-0.0
-169.2923230807702	-0.0
-168.7921980495123	-0.0
-168.29207301825454	-0.0
-167.79194798699666	-0.0
-167.2918229557389	-0.0
-166.791697924481	-0.0
-166.29157289322325	-0.0
-165.79144786196548	-0.0
-165.2913228307076	-0.0
-164.79119779944983	-0.0
-164.29107276819195	-0.0
-163.79094773693419	-0.0
-163.2908227056763	-0.0
-162.79069767441854	-0.0
-162.29057264316077	-0.0
-161.7904476119029	-0.0
-161.29032258064512	-0.0
-160.79019754938724	-0.0
-160.29007251812948	-0.0
-159.7899474868717	-0.0
-159.28982245561383	-0.0
-158.78969742435606	-0.0
-158.28957239309818	-0.0
-157.78944736184042	-0.0
-157.28932233058254	-0.0
-156.78919729932477	-0.0
-156.289072268067	-0.0
-155.78894723680912	-0.0
-155.28882220555136	-0.0
-154.78869717429347	-0.0
-154.2885721430357	-0.0
-153.78844711177783	-0.0
-153.28832208052006	-0.0
-152.7881970492623	-0.0
-152.2880720180044	-0.0
-151.78794698674665	-0.0
-151.28782195548877	-0.0
-150.787696924231	-0.0
-150.28757189297323	-0.0
-149.78744686171535	-0.0
-149.28732183045759	-0.0
-148.7871967991997	-0.0
-148.28707176794194	-0.0
-147.78694673668406	-0.0
-147.2868217054263	-0.0
-146.78669667416852	-0.0
-146.28657164291064	-0.0
-145.78644661165288	-0.0
-145.286321580395	-0.0
-144.78619654913723	-0.0
-144.28607151787946	-0.0
-143.78594648662158	-0.0
-143.28582145536382	-0.0
-142.78569642410594	-0.0
-142.28557139284817	-0.0
-141.7854463615903	-0.0
-141.28532133033252	-0.0
-140.78519629907476	-0.0
-140.28507126781687	-0.0
-139.7849462365591	-0.0
-139.28482120530123	-0.0
-138.78469617404346	-0.0
-138.28457114278558	-0.0
-137.7844461115278	-0.0
-137.28432108027005	-0.0
-136.78419604901217	-0.0
-136.2840710177544	-0.0
-135.78394598649652	-0.0
-135.28382095523875	-0.0
-134.78369592398099	-0.0
-134.2835708927231	-0.0
-133.78344586146534	-0.0
-133.28332083020746	-0.0
-132.7831957989497	-0.0
-132.2830707676918	-0.0
-131.78294573643404	-0.0
-131.28282070517628	-0.0
-130.7826956739184	-0.0
-130.28257064266063	-0.0
-129.78244561140275	-0.0
-129.28232058014498	-0.0
-128.7821955488871	-0.0
-128.28207051762934	-0.0
-127.78194548637157	-0.0
-127.28182045511369	-0.0
-126.78169542385592	-0.0
-126.28157039259804	-0.0
-125.78144536134027	-0.0
-125.28132033008251	-0.0
-124.78119529882463	-0.0
-124.28107026756686	-0.0
-123.78094523630898	-0.0
-123.28082020505121	-0.0
-122.78069517379333	-0.0
-122.28057014253557	-0.0
-121.7804451112778	-0.0
-121.28032008001992	-0.0
-120.78019504876215	-0.0
-120.28007001750427	-0.0
-119.7799449862465	-0.0
-119.27981995498874	-0.0
-118.77969492373086	-0.0
-118.27956989247309	-0.0
-117.77944486121521	-0.0
-117.27931982995744	-0.0
-116.77919479869956	-0.0
-116.2790697674418	-0.0
-115.77894473618403	-0.0
-115.27881970492615	-0.0
-114.77869467366838	-0.0
-114.2785696424105	-0.0
-113.77844461115274	-0.0
-113.27831957989486	-0.0
-112.77819454863709	-0.0
-112.27806951737932	-0.0
-111.77794448612144	-0.0
-111.27781945486367	-0.0
-110.7776944236058	-0.0
-110.27756939234803	-0.0
-109.77744436109026	-0.0
-109.27731932983238	-0.0
-108.77719429857461	-0.0
-108.27706926731673	-0.0
-107.77694423605897	-0.0
-107.27681920480109	-0.0
-106.77669417354332	-0.0
-106.27656914228555	-0.0
-105.77644411102767	-0.0
-105.2763190797699	-0.0
-104.77619404851202	-0.0
-104.27606901725426	-0.0
-103.77594398599649	-0.0
-103.27581895473861	-0.0
-102.77569392348084	-0.0
-102.27556889222296	-0.0
-101.7754438609652	-0.0
-101.27531882970732	-0.0
-100.77519379844955	-0.0
-100.27506876719178	-0.0
-99.7749437359339	-0.0
-99.27481870467614	-0.0
-98.77469367341826	-0.0
-98.27456864216049	-0.0
-97.77444361090261	-0.0
-97.27431857964484	-0.0
-96.77419354838707	-0.0
-96.2740685171292	-0.0
-95.77394348587143	-0.0
-95.27381845461355	-0.0
-94.77369342335578	-0.0
-94.27356839209801	-0.0
-93.77344336084013	-0.0
-93.27331832958237	-0.0
-92.77319329832449	-0.0
-92.27306826706672	-0.0
-91.77294323580884	-0.0
-91.27281820455107	-0.0
-90.7726931732933	-0.0
-90.27256814203542	-0.0
-89.77244311077766	-0.0
-89.27231807951978	-0.0
-88.77219304826201	-0.0
-88.27206801700413	-0.0
-87.77194298574636	-0.0
-87.2718179544886	-0.0
-86.77169292323072	-0.0
-86.27156789197295	-0.0
-85.77144286071507	-0.0
-85.2713178294573	-0.0
-84.77119279819954	-0.0
-84.27106776694166	-0.0
-83.77094273568389	-0.0
-83.27081770442601	-0.0
-82.77069267316824	-0.0
-82.27056764191036	-0.0
-81.7704426106526	-0.0
-81.27031757939483	-0.0
-80.77019254813695	-0.0
-80.27006751687918	-0.0
-79.7699424856213	-0.0
-79.26981745436353	-0.0
-78.76969242310577	-0.0
-78.26956739184789	-0.0
-77.76944236059012	-0.0
-77.26931732933224	-0.0
-76.76919229807447	-0.0
-76.26906726681659	-0.0
-75.76894223555882	-0.0
-75.26881720430106	-0.0
-74.76869217304318	-0.0
-74.26856714178541	-0.0
-73.76844211052753	-0.0
-73.26831707926976	-0.0
-72.76819204801188	-0.0
-72.26806701675412	-0.0
-71.76794198549635	-0.0
-71.26781695423847	-0.0
-70.7676919229807	-0.0
-70.26756689172282	-0.0
-69.76744186046506	-0.0
-69.26731682920729	-0.0
-68.76719179794941	-0.0
-68.26706676669164	-0.0
-67.76694173543376	-0.0
-67.266816704176	-0.0
-66.76669167291811	-0.0
-66.26656664166035	-0.0
-65.76644161040258	-0.0
-65.2663165791447	-0.0
-64.76619154788693	-0.0
-64.26606651662905	-0.0
-63.765941485371286	-0.0
-63.265816454113406	-0.0
-62.76569142285564	-0.0
-62.26556639159787	-0.0
-61.76544136033999	-0.0
-61.265316329082225	-0.0
-60.765191297824344	-0.0
-60.26506626656658	-0.0
-59.76494123530881	-0.0
-59.26481620405093	-0.0
-58.764691172793164	-0.0
-58.26456614153528	-0.0
-57.76444111027752	-0.0
-57.264316079019636	-0.0
-56.76419104776187	-0.0
-56.2640660165041	-0.0
-55.76394098524622	-0.0
-55.263815953988455	-0.0
-54.763690922730575	-0.0
-54.26356589147281	-0.0
-53.76344086021504	-0.0
-53.26331582895716	-0.0
-52.763190797699394	-0.0
-52.263065766441514	-0.0
-51.76294073518375	-0.0
-51.26281570392587	-0.0
-50.7626906726681	-0.0
-50.26256564141033	-0.0
-49.76244061015245	-0.0
-49.262315578894686	-0.0
-48.762190547636806	-0.0
-48.26206551637904	-0.0
-47.76194048512116	-0.0
-47.26181545386339	-0.0
-46.761690422605625	-0.0
-46.261565391347744	-0.0
-45.76144036008998	-0.0
-45.2613153288321	-0.0
-44.76119029757433	-0.0
-44.261065266316564	-0.0
-43.76094023505868	-0.0
-43.26081520380092	-0.0
-42.760690172543036	-0.0
-42.26056514128527	-0.0
-41.76044011002739	-0.0
-41.26031507876962	-0.0
-40.760190047511855	-0.0
-40.260065016253975	-0.0
-39.75993998499621	-0.0
-39.25981495373833	-0.0
-38.75968992248056	-0.0
-38.25956489122268	-0.0
-37.759439859964914	-0.0
-37.25931482870715	-0.0
-36.75918979744927	-0.0
-36.2590647661915	-0.0
-35.75893973493362	-0.0
-35.25881470367585	-0.0
-34.758689672418086	-0.0
-34.258564641160206	-0.0
-33.75843960990244	-0.0
-33.25831457864456	-0.0
-32.75818954738679	-0.0
-32.25806451612891	-0.0
-31.757939484871144	-0.0
-31.257814453613378	-0.0
-30.757689422355497	-0.0
-30.25756439109773	-0.0
-29.75743935983985	-0.0
-29.257314328582083	-0.0
-28.757189297324317	-0.0
-28.257064266066436	-0.0
-27.75693923480867	-0.0
-27.25681420355079	-0.0
-26.756689172293022	-0.0
-26.256564141035142	-0.0
-25.756439109777375	-0.0
-25.25631407851961	-0.0
-24.756189047261728	-0.0
-24.25606401600396	-0.0
-23.75593898474608	-0.0
-23.255813953488314	-0.0
-22.755688922230433	-0.0
-22.255563890972667	-0.0
-21.7554388597149	-0.0
-21.25531382845702	-0.0
-20.755188797199253	-0.0
-20.255063765941372	-0.0
-19.754938734683606	-0.0
-19.25481370342584	-0.0
-18.75468867216796	-0.0
-18.25456364091019	-0.0
-17.75443860965231	-0.0
-17.254313578394544	-0.0
-16.754188547136664	-0.0
-16.254063515878897	-0.0
-15.75393848462113	-0.0
-15.25381345336325	-0.0
-14.753688422105483	-0.0
-14.253563390847603	-0.0
-13.753438359589836	-0.0
-13.253313328331956	-0.0
-12.753188297074189	-0.0
-12.253063265816422	-0.0
-11.752938234558542	-0.0
-11.252813203300775	-0.0
-10.752688172042895	-0.0
-10.252563140785128	-0.0
-9.752438109527361	-0.0
-9.25231307826948	-0.0
-8.752188047011714	-0.0
-8.252063015753833	-0.0
-7.751937984496067	-0.0
-7.251812953238186	-0.0
-6.75168792198042	-0.0
-6.251562890722653	-0.0
-5.751437859464772	-0.0
-5.251312828207006	-0.0
-4.751187796949125	-0.0
-4.251062765691358	-0.0
-3.7509377344335917	-0.0
-3.2508127031757112	-0.0
-2.7506876719179445	-0.0
-2.250562640660064	-0.0
-1.7504376094022973	-0.0
-1.2503125781444169	-0.0
-0.7501875468866501	-0.0
-0.2500625156288834	-0.0
0.25006251562899706	0.0
0.7501875468867638	0.0
1.2503125781446442	0.0
1.750437609402411	0.0
2.2505626406602914	0.0
2.750687671918058	0.0
3.250812703175825	0.0
3.7509377344337054	0.0
4.251062765691472	0.0
4.751187796949353	0.0
5.251312828207119	0.0
5.751437859464886	0.0
6.2515628907227665	0.0
6.751687921980533	0.0
7.251812953238414	0.0
7.75193798449618	0.0
8.25206301575406	0.0
8.752188047011828	0.0
9.252313078269594	0.0
9.752438109527475	0.0
10.252563140785242	0.0
10.752688172043122	0.0
11.252813203300889	0.0
11.75293823455877	0.0
12.253063265816536	0.0
12.753188297074303	0.0
13.253313328332183	0.0
13.75343835958995	0.0
14.25356339084783	0.0
14.753688422105597	0.0
15.253813453363364	0.0
15.753938484621244	0.0
16.25406351587901	0.0
16.75418854713689	0.0
17.254313578394658	0.0
17.75443860965254	0.0
18.254563640910305	0.0
18.754688672168072	0.0
19.254813703425953	0.0
19.75493873468372	0.0
20.2550637659416	0.0
20.755188797199366	0.0
21.255313828457133	0.0
21.755438859715014	0.0
22.25556389097278	0.0
22.75568892223066	0.0
23.255813953488428	0.0
23.755938984746308	0.0
24.256064016004075	0.0
24.75618904726184	0.0
25.25631407851961	0.0
25.756439109777602	0.0
26.25656414103537	0.0
26.756689172293136	0.0
27.256814203550903	0.0
27.75693923480867	0.0
28.257064266066664	0.0
28.75718929732443	0.0
29.257314328582197	0.0
29.757439359839964	0.0
30.257564391097958	0.0
30.757689422355725	0.0
31.25781445361349	0.0
31.757939484871258	0.0
32.258064516129025	0.0
32.75818954738702	0.0
33.258314578644786	0.0
33.75843960990255	0.0
34.25856464116032	0.0
34.758689672418086	0.0
35.25881470367608	0.0
35.75893973493385	0.0
36.259064766191614	0.0
36.75918979744938	0.0
37.25931482870715	0.0
37.75943985996514	0.0
38.25956489122291	0.0
38.759689922480675	0.0
39.25981495373844	0.0
39.759939984996436	0.0
40.2600650162542	0.0
40.76019004751197	0.0
41.260315078769736	0.0
41.7604401100275	0.0
42.2605651412855	0.0
42.76069017254326	0.0
43.26081520380103	0.0
43.7609402350588	0.0
44.261065266316564	0.0
44.76119029757456	0.0
45.261315328832325	0.0
45.76144036009009	0.0
46.26156539134786	0.0
46.761690422605625	0.0
47.26181545386362	0.0
47.761940485121386	0.0
48.26206551637915	0.0
48.76219054763692	0.0
49.262315578894686	0.0
49.76244061015268	0.0
50.26256564141045	0.0
50.762690672668214	0.0
51.26281570392598	0.0
51.762940735183975	0.0
52.26306576644174	0.0
52.76319079769951	0.0
53.263315828957275	0.0
53.76344086021504	0.0
54.263565891473036	0.0
54.7636909227308	0.0
55.26381595398857	0.0
55.763940985246336	0.0
56.2640660165041	0.0
56.7641910477621	0.0
57.26431607901986	0.0
57.76444111027763	0.0
58.2645661415354	0.0
58.764691172793164	0.0
59.26481620405116	0.0
59.764941235308925	0.0
60.26506626656669	0.0
60.76519129782446	0.0
61.26531632908245	0.0
61.76544136034022	0.0
62.265566391597986	0.0
62.76569142285575	0.0
63.26581645411352	0.0
63.76594148537151	0.0
64.26606651662928	0.0
64.76619154788705	0.0
65.26631657914481	0.0
65.76644161040258	0.0
66.26656664166057	0.0
66.76669167291834	0.0
67.26681670417611	0.0
67.76694173543387	0.0
68.26706676669164	0.0
68.76719179794964	0.0
69.2673168292074	0.0
69.76744186046517	0.0
70.26756689172294	0.0
70.76769192298093	0.0
71.2678169542387	0.0
71.76794198549646	0.0
72.26806701675423	0.0
72.768192048012	0.0
73.26831707926999	0.0
73.76844211052776	0.0
74.26856714178552	0.0
74.76869217304329	0.0
75.26881720430106	0.0
75.76894223555905	0.0
76.26906726681682	0.0
76.76919229807459	0.0
77.26931732933235	0.0
77.76944236059012	0.0
78.26956739184811	0.0
78.76969242310588	0.0
79.26981745436365	0.0
79.76994248562141	0.0
80.27006751687941	0.0
80.77019254813717	0.0
81.27031757939494	0.0
81.77044261065271	0.0
82.27056764191047	0.0
82.77069267316847	0.0
83.27081770442624	0.0
83.770942735684	0.0
84.27106776694177	0.0
84.77119279819954	0.0
85.27131782945753	0.0
85.7714428607153	0.0
86.27156789197306	0.0
86.77169292323083	0.0
87.2718179544886	0.0
87.77194298574659	0.0
88.27206801700436	0.0
88.77219304826212	0.0
89.27231807951989	0.0
89.77244311077789	0.0
90.27256814203565	0.0
90.77269317329342	0.0
91.27281820455119	0.0
91.77294323580895	0.0
92.27306826706695	0.0
92.77319329832471	0.0
93.27331832958248	0.0
93.77344336084025	0.0
94.27356839209801	0.0
94.77369342335601	0.0
95.27381845461377	0.0
95.77394348587154	0.0
96.27406851712931	0.0
96.77419354838707	0.0
97.27431857964507	0.0
97.77444361090284	0.0
98.2745686421606	0.0
98.77469367341837	0.0
99.27481870467614	0.0
99.77494373593413	0.0
100.2750687671919	0.0
100.77519379844966	0.0
101.27531882970743	0.0
101.77544386096542	0.0
102.27556889222319	0.0
102.77569392348096	0.0
103.27581895473872	0.0
103.77594398599649	0.0
104.27606901725449	0.0
104.77619404851225	0.0
105.27631907977002	0.0
105.77644411102779	0.0
106.27656914228555	0.0
106.77669417354355	0.0
107.27681920480131	0.0
107.77694423605908	0.0
108.27706926731685	0.0
108.77719429857461	0.0
109.27731932983261	0.0
109.77744436109037	0.0
110.27756939234814	0.0
110.77769442360591	0.0
111.2778194548639	0.0
111.77794448612167	0.0
112.27806951737944	0.0
112.7781945486372	0.0
113.27831957989497	0.0
113.77844461115296	0.0
114.27856964241073	0.0
114.7786946736685	0.0
115.27881970492626	0.0
115.77894473618403	0.0
116.27906976744202	0.0
116.77919479869979	0.0
117.27931982995756	0.0
117.77944486121532	0.0
118.27956989247309	0.0
118.77969492373109	0.0
119.27981995498885	0.0
119.77994498624662	0.0
120.28007001750439	0.0
120.78019504876238	0.0
121.28032008002015	0.0
121.78044511127791	0.0
122.28057014253568	0.0
122.78069517379345	0.0
123.28082020505144	0.0
123.78094523630921	0.0
124.28107026756697	0.0
124.78119529882474	0.0
125.28132033008251	0.0
125.7814453613405	0.0
126.28157039259827	0.0
126.78169542385604	0.0
127.2818204551138	0.0
127.78194548637157	0.0
128.28207051762956	0.0
128.78219554888733	0.0
129.2823205801451	0.0
129.78244561140286	0.0
130.28257064266086	0.0
130.78269567391862	0.0
131.2828207051764	0.0
131.78294573643416	0.0
132.28307076769192	0.0
132.78319579894992	0.0
133.28332083020769	0.0
133.78344586146545	0.0
134.28357089272322	0.0
134.78369592398099	0.0
135.28382095523898	0.0
135.78394598649675	0.0
136.2840710177545	0.0
136.78419604901228	0.0
137.28432108027005	0.0
137.78444611152804	0.0
138.2845711427858	0.0
138.78469617404357	0.0
139.28482120530134	0.0
139.78494623655934	0.0
140.2850712678171	0.0
140.78519629907487	0.0
141.28532133033264	0.0
141.7854463615904	0.0
142.2855713928484	0.0
142.78569642410616	0.0
143.28582145536393	0.0
143.7859464866217	0.0
144.28607151787946	0.0
144.78619654913746	0.0
145.28632158039522	0.0
145.786446611653	0.0
146.28657164291076	0.0
146.78669667416852	0.0
147.28682170542652	0.0
147.78694673668429	0.0
148.28707176794205	0.0
148.78719679919982	0.0
149.28732183045759	0.0
149.78744686171558	0.0
150.28757189297335	0.0
150.7876969242311	0.0
151.28782195548888	0.0
151.78794698674687	0.0
152.28807201800464	0.0
152.7881970492624	0.0
153.28832208052017	0.0
153.78844711177794	0.0
154.28857214303594	0.0
154.7886971742937	0.0
155.28882220555147	0.0
155.78894723680924	0.0
156.289072268067	0.0
156.789197299325	0.0
157.28932233058276	0.0
157.78944736184053	0.0
158.2895723930983	0.0
158.78969742435606	0.0
159.28982245561406	0.0
159.78994748687182	0.0
160.2900725181296	0.0
160.79019754938736	0.0
161.29032258064535	0.0
161.79044761190312	0.0
162.29057264316089	0.0
162.79069767441865	0.0
163.29082270567642	0.0
163.7909477369344	0.0
164.29107276819218	0.0
164.79119779944995	0.0
165.2913228307077	0.0
165.79144786196548	0.0
166.29157289322347	0.0
166.79169792448124	0.0
167.291822955739	0.0
167.79194798699677	0.0
168.29207301825454	0.0
168.79219804951254	0.0
169.2923230807703	0.0
169.79244811202807	0.0
170.29257314328584	0.0
170.79269817454383	0.0
171.2928232058016	0.0
171.79294823705936	0.0
172.29307326831713	0.0
172.7931982995749	0.0
173.2933233308329	0.0
173.79344836209066	0.0
174.29357339334842	0.0
174.7936984246062	0.0
175.29382345586396	0.0
175.79394848712195	0.0
176.29407351837972	0.0
176.79419854963749	0.0
177.29432358089525	0.0
177.79444861215302	0.0
178.294573643411	0.0
178.79469867466878	0.0
179.29482370592655	0.0
179.7949487371843	0.0
180.2950737684423	0.0
180.79519879970007	0.0
181.29532383095784	0.0
181.7954488622156	0.0
182.29557389347337	0.0
182.79569892473137	0.0
183.29582395598914	0.0
183.7959489872469	0.0
184.29607401850467	0.0
184.79619904976244	0.0
185.29632408102043	0.0
185.7964491122782	0.0
186.29657414353596	0.0
186.79669917479373	0.0
187.2968242060515	0.0
187.7969492373095	0.0
188.29707426856726	0.0
188.79719929982502	0.0
189.2973243310828	0.0
189.79744936234056	0.0
190.29757439359855	0.0
190.79769942485632	0.0
191.29782445611409	0.0
191.79794948737185	0.0
192.29807451862985	0.0
192.7981995498876	0.0
193.29832458114538	0.0
193.79844961240315	0.0
194.2985746436609	0.0
194.7986996749189	0.0
195.29882470617667	0.0
195.79894973743444	0.0
196.2990747686922	0.0
196.79919979994997	0.0
197.29932483120797	0.0
197.79944986246574	0.0
198.2995748937235	0.0
198.79969992498127	0.0
199.29982495623904	0.0
199.79994998749703	0.0
200.3000750187548	0.0
200.80020005001256	0.0
201.30032508127033	0.0
201.80045011252832	0.0
202.3005751437861	0.0
202.80070017504386	0.0
203.30082520630162	0.0
203.8009502375594	0.0
204.30107526881739	0.0
204.80120030007515	0.0
205.30132533133292	0.0
205.80145036259069	0.0
206.30157539384845	0.0
206.80170042510645	0.0
207.3018254563642	0.0
207.80195048762198	0.0
208.30207551887975	0.0
208.8022005501375	0.0
209.3023255813955	0.0
209.80245061265327	0.0
210.30257564391104	0.0
210.8027006751688	0.0
211.3028257064268	0.0
211.80295073768457	0.0
212.30307576894234	0.0
212.8032008002001	0.0
213.30332583145787	0.0
213.80345086271586	0.0
214.30357589397363	0.0
214.8037009252314	0.0
215.30382595648916	0.0
215.80395098774693	0.0
216.30407601900492	0.0
216.8042010502627	0.0
217.30432608152046	0.0
217.80445111277822	0.0
218.304576144036	0.0
218.80470117529399	0.0
219.30482620655175	0.0
219.80495123780952	0.0
220.30507626906729	0.0
220.80520130032528	0.0
221.30532633158305	0.0
221.8054513628408	0.0
222.30557639409858	0.0
222.80570142535635	0.0
223.30582645661434	0.0
223.8059514878721	0.0
224.30607651912987	0.0
224.80620155038764	0.0
225.3063265816454	0.0
225.8064516129034	0.0
226.30657664416117	0.0
226.80670167541894	0.0
227.3068267066767	0.0
227.80695173793447	0.0
228.30707676919246	0.0
228.80720180045023	0.0
229.307326831708	0.0
229.80745186296576	0.0
230.30757689422376	0.0
230.80770192548152	0.0
231.3078269567393	0.0
231.80795198799706	0.0
232.30807701925482	0.0
232.80820205051282	0.0
233.30832708177059	0.0
233.80845211302835	0.0
234.30857714428612	0.0
234.80870217554389	0.0
235.30882720680188	0.0
235.80895223805965	0.0
236.3090772693174	0.0
236.80920230057518	0.0
237.30932733183295	0.0
237.80945236309094	0.0
238.3095773943487	0.0
238.80970242560647	0.0
239.30982745686424	0.0
239.809952488122	0.0
240.31007751938	0.0
240.81020255063777	0.0
241.31032758189554	0.0
241.8104526131533	0.0
242.3105776444113	0.0
242.81070267566906	0.0
243.31082770692683	0.0
243.8109527381846	0.0
244.31107776944236	0.0
244.81120280070036	0.0
245.31132783195812	0.0
245.8114528632159	0.0
246.31157789447366	0.0
246.81170292573142	0.0
247.31182795698942	0.0
247.81195298824719	0.0
248.31207801950495	0.0
248.81220305076272	0.0
249.31232808202049	0.0
249.81245311327848	0.0
250.31257814453625	0.0
250.812703175794	0.0
251.31282820705178	0.0
251.81295323830977	0.0
252.31307826956754	0.0
252.8132033008253	0.0
253.31332833208307	0.0
253.81345336334084	0.0
254.31357839459884	0.0
254.8137034258566	0.0
255.31382845711437	0.0
255.81395348837214	0.0
256.3140785196299	0.0
256.8142035508879	0.0
257.31432858214566	0.0
257.81445361340343	0.0
258.3145786446612	0.0
258.81470367591896	0.0
259.31482870717696	0.0
259.8149537384347	0.0
260.3150787696925	0.0
260.81520380095026	0.0
261.31532883220825	0.0
261.815453863466	0.0
262.3155788947238	0.0
262.81570392598155	0.0
263.3158289572393	0.0
263.8159539884973	0.0
264.3160790197551	0.0
264.81620405101285	0.0
265.3163290822706	0.0
265.8164541135284	0.0
266.3165791447864	0.0
266.81670417604414	0.0
267.3168292073019	0.0
267.8169542385597	0.0
268.31707926981744	0.0
268.81720430107544	0.0
269.3173293323332	0.0
269.81745436359097	0.0
270.31757939484874	0.0
270.81770442610673	0.0
271.3178294573645	0.0
271.81795448862226	0.0
272.31807951988003	0.0
272.8182045511378	0.0
273.3183295823958	0.0
273.81845461365356	0.0
274.3185796449113	0.0
274.8187046761691	0.0
275.31882970742686	0.0
275.81895473868485	0.0
276.3190797699426	0.0
276.8192048012004	0.0
277.31932983245815	0.0
277.8194548637159	0.0
278.3195798949739	0.0
278.8197049262317	0.0
279.31982995748945	0.0
279.8199549887472	0.0
280.3200800200052	0.0
280.820205051263	0.0
281.32033008252074	0.0
281.8204551137785	0.0
282.3205801450363	0.0
282.82070517629427	0.0
283.32083020755204	0.0
283.8209552388098	0.0
284.32108027006757	0.0
284.82120530132534	0.0
285.32133033258333	0.0
285.8214553638411	0.0
286.32158039509886	0.0
286.82170542635663	0.0
287.3218304576144	0.0
287.8219554888724	0.0
288.32208052013016	0.0
288.8222055513879	0.0
289.3223305826457	0.0
289.82245561390346	0.0
290.32258064516145	0.0
290.8227056764192	0.0
291.322830707677	0.0
291.82295573893475	0.0
292.32308077019275	0.0
292.8232058014505	0.0
293.3233308327083	0.0
293.82345586396605	0.0
294.3235808952238	0.0
294.8237059264818	0.0
295.3238309577396	0.0
295.82395598899734	0.0
296.3240810202551	0.0
296.8242060515129	0.0
297.32433108277087	0.0
297.82445611402864	0.0
298.3245811452864	0.0
298.82470617654417	0.0
299.32483120780194	0.0
299.82495623905993	0.0
300.3250812703177	0.0
300.82520630157546	0.0
301.32533133283323	0.0
301.8254563640912	0.0
302.325581395349	0.0
302.82570642660676	0.0
303.3258314578645	0.0
303.8259564891223	0.0
304.3260815203803	0.0
304.82620655163805	0.0
305.3263315828958	0.0
305.8264566141536	0.0
306.32658164541135	0.0
306.82670667666935	0.0
307.3268317079271	0.0
307.8269567391849	0.0
308.32708177044265	0.0
308.8272068017004	0.0
309.3273318329584	0.0
309.8274568642162	0.0
310.32758189547394	0.0
310.8277069267317	0.0
311.3278319579897	0.0
311.82795698924747	0.0
312.32808202050524	0.0
312.828207051763	0.0
313.32833208302077	0.0
313.82845711427876	0.0
314.32858214553653	0.0
314.8287071767943	0.0
315.32883220805206	0.0
315.82895723930983	0.0
316.3290822705678	0.0
316.8292073018256	0.0
317.32933233308336	0.0
317.8294573643411	0.0
318.3295823955989	0.0
318.8297074268569	0.0
319.32983245811465	0.0
319.8299574893724	0.0
320.3300825206302	0.0
320.8302075518882	0.0
321.33033258314595	0.0
321.8304576144037	0.0
322.3305826456615	0.0
322.83070767691925	0.0
323.33083270817724	0.0
323.830957739435	0.0
324.3310827706928	0.0
324.83120780195054	0.0
325.3313328332083	0.0
325.8314578644663	0.0
326.33158289572407	0.0
326.83170792698184	0.0
327.3318329582396	0.0
327.83195798949737	0.0
328.33208302075536	0.0
328.83220805201313	0.0
329.3323330832709	0.0
329.83245811452866	0.0
330.33258314578643	0.0
330.8327081770444	0.0
331.3328332083022	0.0
331.83295823955996	0.0
332.3330832708177	0.0
332.8332083020757	0.0
333.3333333333335	0.0
333.83345836459125	0.0
334.333583395849	0.0
334.8337084271068	0.0
335.3338334583648	0.0
335.83395848962255	0.0
336.3340835208803	0.0
336.8342085521381	0.0
337.33433358339585	0.0
337.83445861465384	0.0
338.3345836459116	0.0
338.8347086771694	0.0
339.33483370842714	0.0
339.8349587396849	0.0
340.3350837709429	0.0
340.83520880220067	0.0
341.33533383345844	0.0
341.8354588647162	0.0
342.3355838959742	0.0
342.83570892723196	0.0
343.33583395848973	0.0
343.8359589897475	0.0
344.33608402100526	0.0
344.83620905226326	0.0
345.336334083521	0.0
345.8364591147788	0.0
346.33658414603656	0.0
346.8367091772943	0.0
347.3368342085523	0.0
347.8369592398101	0.0
348.33708427106785	0.0
348.8372093023256	0.0
349.3373343335834	0.0
349.8374593648414	0.0
350.33758439609915	0.0
350.8377094273569	0.0
351.3378344586147	0.0
351.8379594898727	0.0
352.33808452113044	0.0
352.8382095523882	0.0
353.338334583646	0.0
353.83845961490374	0.0
354.33858464616173	0.0
354.8387096774195	0.0
355.33883470867727	0.0
355.83895973993504	0.0
356.3390847711928	0.0
356.8392098024508	0.0
357.33933483370856	0.0
357.83945986496633	0.0
358.3395848962241	0.0
358.83970992748186	0.0
359.33983495873986	0.0
359.8399599899976	0.0
360.3400850212554	0.0
360.84021005251316	0.0
361.34033508377115	0.0
361.8404601150289	0.0
362.3405851462867	0.0
362.84071017754445	0.0
363.3408352088022	0.0
363.8409602400602	0.0
364.341085271318	0.0
364.84121030257575	0.0
365.3413353338335	0.0
365.8414603650913	0.0
366.3415853963493	0.0
366.84171042760704	0.0
367.3418354588648	0.0
367.8419604901226	0.0
368.34208552138034	0.0
368.84221055263833	0.0
369.3423355838961	0.0
369.84246061515387	0.0
370.34258564641164	0.0
370.84271067766963	0.0
371.3428357089274	0.0
371.84296074018516	0.0
372.34308577144293	0.0
372.8432108027007	0.0
373.3433358339587	0.0
373.84346086521646	0.0
374.3435858964742	0.0
374.843710927732	0.0
375.34383595898976	0.0
375.84396099024775	0.0
376.3440860215055	0.0
376.8442110527633	0.0
377.34433608402105	0.0
377.8444611152788	0.0
378.3445861465368	0.0
378.8447111777946	0.0
379.34483620905235	0.0
379.8449612403101	0.0
380.3450862715679	0.0
380.8452113028259	0.0
381.34533633408364	0.0
381.8454613653414	0.0
382.3455863965992	0.0
382.84571142785717	0.0
383.34583645911493	0.0
383.8459614903727	0.0
384.34608652163047	0.0
384.84621155288824	0.0
385.34633658414623	0.0
385.846461615404	0.0
386.34658664666176	0.0
386.84671167791953	0.0
387.3468367091773	0.0
387.8469617404353	0.0
388.34708677169306	0.0
388.8472118029508	0.0
389.3473368342086	0.0
389.84746186546636	0.0
390.34758689672435	0.0
390.8477119279821	0.0
391.3478369592399	0.0
391.84796199049765	0.0
392.34808702175565	0.0
392.8482120530134	0.0
393.3483370842712	0.0
393.84846211552895	0.0
394.3485871467867	0.0
394.8487121780447	0.0
395.3488372093025	0.0
395.84896224056024	0.0
396.349087271818	0.0
396.8492123030758	0.0
397.34933733433377	0.0
397.84946236559153	0.0
398.3495873968493	0.0
398.84971242810707	0.0
399.34983745936484	0.0
399.84996249062283	0.0
400.3500875218806	0.0
400.85021255313836	0.0
401.35033758439613	0.0
401.8504626156541	0.0
402.3505876469119	0.0
402.85071267816966	0.0
403.3508377094274	0.0
403.8509627406852	0.0
404.3510877719432	0.0
404.85121280320095	0.0
405.3513378344587	0.0
405.8514628657165	0.0
406.35158789697425	0.0
406.85171292823225	0.0
407.35183795949	0.0
407.8519629907478	0.0
408.35208802200555	0.0
408.8522130532633	0.0
409.3523380845213	0.0
409.8524631157791	0.0
410.35258814703684	0.0
410.8527131782946	0.0
411.3528382095526	0.0
411.85296324081037	0.0
412.35308827206813	0.0
412.8532133033259	0.0
413.35333833458367	0.0
413.85346336584166	0.0
414.35358839709943	0.0
414.8537134283572	0.0
415.35383845961496	0.0
415.85396349087273	0.0
416.3540885221307	0.0
416.8542135533885	0.0
417.35433858464626	0.0
417.854463615904	0.0
418.3545886471618	0.0
418.8547136784198	0.0
419.35483870967755	0.0
419.8549637409353	0.0
420.3550887721931	0.0
420.85521380345085	0.0
421.35533883470885	0.0
421.8554638659666	0.0
422.3555888972244	0.0
422.85571392848215	0.0
423.35583895974014	0.0
423.8559639909979	0.0
424.3560890222557	0.0
424.85621405351344	0.0
425.3563390847712	0.0
425.8564641160292	0.0
426.35658914728697	0.0
426.85671417854473	0.0
427.3568392098025	0.0
427.85696424106027	0.0
428.35708927231826	0.0
428.85721430357603	0.0
429.3573393348338	0.0
429.85746436609156	0.0
430.35758939734933	0.0
430.8577144286073	0.0
431.3578394598651	0.0
431.85796449112286	0.0
432.3580895223806	0.0
432.8582145536386	0.0
433.3583395848964	0.0
433.85846461615415	0.0
434.3585896474119	0.0
434.8587146786697	0.0
435.3588397099277	0.0
435.85896474118545	0.0
436.3590897724432	0.0
436.859214803701	0.0
437.35933983495875	0.0
437.85946486621674	0.0
438.3595898974745	0.0
438.8597149287323	0.0
439.35983995999004	0.0
439.8599649912478	0.0
440.3600900225058	0.0
440.86021505376357	0.0
441.36034008502133	0.0
441.8604651162791	0.0
442.3605901475371	0.0
442.86071517879486	0.0
443.36084021005263	0.0
443.8609652413104	0.0
444.36109027256816	0.0
444.86121530382616	0.0
445.3613403350839	0.0
445.8614653663417	0.0
446.36159039759946	0.0
446.8617154288572	0.0
447.3618404601152	0.0
447.861965491373	0.0
448.36209052263075	0.0
448.8622155538885	0.0
449.3623405851463	0.0
449.8624656164043	0.0
450.36259064766205	0.0
450.8627156789198	0.0
451.3628407101776	0.0
451.8629657414356	0.0
452.36309077269334	0.0
452.8632158039511	0.0
453.3633408352089	0.0
453.86346586646664	0.0
454.36359089772463	0.0
454.8637159289824	0.0
455.36384096024017	0.0
455.86396599149793	0.0
456.3640910227557	0.0
456.8642160540137	0.0
457.36434108527146	0.0
457.86446611652923	0.0
458.364591147787	0.0
458.86471617904476	0.0
459.36484121030276	0.0
459.8649662415605	0.0
460.3650912728183	0.0
460.86521630407606	0.0
461.36534133533405	0.0
461.8654663665918	0.0
462.3655913978496	0.0
462.86571642910735	0.0
463.3658414603651	0.0
463.8659664916231	0.0
464.3660915228809	0.0
464.86621655413865	0.0
465.3663415853964	0.0
465.8664666166542	0.0
466.3665916479122	0.0
466.86671667916994	0.0
467.3668417104277	0.0
467.8669667416855	0.0
468.36709177294324	0.0
468.86721680420123	0.0
469.367341835459	0.0
469.86746686671677	0.0
470.36759189797453	0.0
470.8677169292323	0.0
471.3678419604903	0.0
471.86796699174806	0.0
472.36809202300583	0.0
472.8682170542636	0.0
473.3683420855216	0.0
473.86846711677936	0.0
474.3685921480371	0.0
474.8687171792949	0.0
475.36884221055266	0.0
475.86896724181065	0.0
476.3690922730684	0.0
476.8692173043262	0.0
477.36934233558395	0.0
477.8694673668417	0.0
478.3695923980997	0.0
478.8697174293575	0.0
479.36984246061525	0.0
479.869967491873	0.0
480.3700925231308	0.0
480.8702175543888	0.0
481.37034258564654	0.0
481.8704676169043	0.0
482.3705926481621	0.0
482.87071767942007	0.0
483.37084271067783	0.0
483.8709677419356	0.0
484.37109277319337	0.0
484.87121780445113	0.0
485.37134283570913	0.0
485.8714678669669	0.0
486.37159289822466	0.0
486.87171792948243	0.0
487.3718429607402	0.0
487.8719679919982	0.0
488.37209302325596	0.0
488.8722180545137	0.0
489.3723430857715	0.0
489.87246811702926	0.0
490.37259314828725	0.0
490.872718179545	0.0
491.3728432108028	0.0
491.87296824206055	0.0
492.37309327331855	0.0
492.8732183045763	0.0
493.3733433358341	0.0
493.87346836709185	0.0
494.3735933983496	0.0
494.8737184296076	0.0
495.3738434608654	0.0
495.87396849212314	0.0
496.3740935233809	0.0
496.8742185546387	0.0
497.37434358589667	0.0
497.87446861715443	0.0
498.3745936484122	0.0
498.87471867966997	0.0
499.37484371092773	0.0
499.87496874218573	0.0
500.3750937734435	0.0
500.87521880470126	0.0
501.37534383595903	0.0
501.875468867217	0.0
502.3755938984748	0.0
502.87571892973256	0.0
503.3758439609903	0.0
503.8759689922481	0.0
504.3760940235061	0.0
504.87621905476385	0.0
505.3763440860216	0.0
505.8764691172794	0.0
506.37659414853715	0.0
506.87671917979515	0.0
507.3768442110529	0.0
507.8769692423107	0.0
508.37709427356845	0.0
508.8772193048262	0.0
509.3773443360842	0.0
509.877469367342	0.0
510.37759439859974	0.0
510.8777194298575	0.0
511.3778444611155	0.0
511.87796949237327	0.0
512.378094523631	0.0
512.8782195548888	0.0
513.3783445861466	0.0
513.8784696174046	0.0
514.3785946486623	0.0
514.8787196799201	0.0
515.3788447111779	0.0
515.8789697424356	0.0
516.3790947736936	0.0
516.8792198049514	0.0
517.3793448362092	0.0
517.8794698674669	0.0
518.3795948987247	0.0
518.8797199299827	0.0
519.3798449612405	0.0
519.8799699924982	0.0
520.380095023756	0.0
520.8802200550138	0.0
521.3803450862717	0.0
521.8804701175295	0.0
522.3805951487873	0.0
522.880720180045	0.0
523.380845211303	0.0
523.8809702425608	0.0
524.3810952738186	0.0
524.8812203050763	0.0
525.3813453363341	0.0
525.8814703675921	0.0
526.3815953988499	0.0
526.8817204301076	0.0
527.3818454613654	0.0
527.8819704926232	0.0
528.3820955238812	0.0
528.8822205551389	0.0
529.3823455863967	0.0
529.8824706176545	0.0
530.3825956489122	0.0
530.8827206801702	0.0
531.382845711428	0.0
531.8829707426858	0.0
532.3830957739435	0.0
532.8832208052015	0.0
533.3833458364593	0.0
533.883470867717	0.0
534.3835958989748	0.0
534.8837209302326	0.0
535.3838459614906	0.0
535.8839709927483	0.0
536.3840960240061	0.0
536.8842210552639	0.0
537.3843460865216	0.0
537.8844711177796	0.0
538.3845961490374	0.0
538.8847211802952	0.0
539.3848462115529	0.0
539.8849712428107	0.0
540.3850962740687	0.0
540.8852213053265	0.0
541.3853463365842	0.0
541.885471367842	0.0
542.3855963991	0.0
542.8857214303578	0.0
543.3858464616155	0.0
543.8859714928733	0.0
544.3860965241311	0.0
544.886221555389	0.0
545.3863465866468	0.0
545.8864716179046	0.0
546.3865966491624	0.0
546.8867216804201	0.0
547.3868467116781	0.0
547.8869717429359	0.0
548.3870967741937	0.0
548.8872218054514	0.0
549.3873468367092	0.0
549.8874718679672	0.0
550.387596899225	0.0
550.8877219304827	0.0
551.3878469617405	0.0
551.8879719929985	0.0
552.3880970242562	0.0
552.888222055514	0.0
553.3883470867718	0.0
553.8884721180295	0.0
554.3885971492875	0.0
554.8887221805453	0.0
555.3888472118031	0.0
555.8889722430608	0.0
556.3890972743186	0.0
556.8892223055766	0.0
557.3893473368344	0.0
557.8894723680921	0.0
558.3895973993499	0.0
558.8897224306077	0.0
559.3898474618657	0.0
559.8899724931234	0.0
560.3900975243812	0.0
560.890222555639	0.0
561.3903475868967	0.0
561.8904726181547	0.0
562.3905976494125	0.0
562.8907226806703	0.0
563.390847711928	0.0
563.890972743186	0.0
564.3910977744438	0.0
564.8912228057015	0.0
565.3913478369593	0.0
565.8914728682171	0.0
566.3915978994751	0.0
566.8917229307328	0.0
567.3918479619906	0.0
567.8919729932484	0.0
568.3920980245061	0.0
568.8922230557641	0.0
569.3923480870219	0.0
569.8924731182797	0.0
570.3925981495374	0.0
570.8927231807952	0.0
571.3928482120532	0.0
571.892973243311	0.0
572.3930982745687	0.0
572.8932233058265	0.0
573.3933483370845	0.0
573.8934733683423	0.0
574.3935983996	0.0
574.8937234308578	0.0
575.3938484621156	0.0
575.8939734933736	0.0
576.3940985246313	0.0
576.8942235558891	0.0
577.3943485871469	0.0
577.8944736184046	0.0
578.3945986496626	0.0
578.8947236809204	0.0
579.3948487121781	0.0
579.8949737434359	0.0
580.3950987746937	0.0
580.8952238059517	0.0
581.3953488372094	0.0
581.8954738684672	0.0
582.395598899725	0.0
582.895723930983	0.0
583.3958489622407	0.0
583.8959739934985	0.0
584.3960990247563	0.0
584.896224056014	0.0
585.396349087272	0.0
585.8964741185298	0.0
586.3965991497876	0.0
586.8967241810453	0.0
587.3968492123031	0.0
587.8969742435611	0.0
588.3970992748189	0.0
588.8972243060766	0.0
589.3973493373344	0.0
589.8974743685922	0.0
590.3975993998502	0.0
590.8977244311079	0.0
591.3978494623657	0.0
591.8979744936235	0.0
592.3980995248814	0.0
592.8982245561392	0.0
593.398349587397	0.0
593.8984746186547	0.0
594.3985996499125	0.0
594.8987246811705	0.0
595.3988497124283	0.0
595.898974743686	0.0
596.3990997749438	0.0
596.8992248062016	0.0
597.3993498374596	0.0
597.8994748687173	0.0
598.3995998999751	0.0
598.8997249312329	0.0
599.3998499624906	0.0
599.8999749937486	0.0
600.4001000250064	0.0
600.9002250562642	0.0
601.4003500875219	0.0
601.9004751187799	0.0
602.4006001500377	0.0
602.9007251812955	0.0
603.4008502125532	0.0
603.900975243811	0.0
604.401100275069	0.0
604.9012253063268	0.0
605.4013503375845	0.0
605.9014753688423	0.0
606.4016004001	0.0
606.901725431358	0.0
607.4018504626158	0.0
607.9019754938736	0.0
608.4021005251313	0.0
608.9022255563891	0.0
609.4023505876471	0.0
609.9024756189049	0.0
610.4026006501626	0.0
610.9027256814204	0.0
611.4028507126782	0.0
611.9029757439362	0.0
612.4031007751939	0.0
612.9032258064517	0.0
613.4033508377095	0.0
613.9034758689675	0.0
614.4036009002252	0.0
614.903725931483	0.0
615.4038509627408	0.0
615.9039759939985	0.0
616.4041010252565	0.0
616.9042260565143	0.0
617.404351087772	0.0
617.9044761190298	0.0
618.4046011502876	0.0
618.9047261815456	0.0
619.4048512128034	0.0
619.9049762440611	0.0
620.4051012753189	0.0
620.9052263065767	0.0
621.4053513378346	0.0
621.9054763690924	0.0
622.4056014003502	0.0
622.905726431608	0.0
623.4058514628659	0.0
623.9059764941237	0.0
624.4061015253815	0.0
624.9062265566392	0.0
625.406351587897	0.0
625.906476619155	0.0
626.4066016504128	0.0
626.9067266816705	0.0
627.4068517129283	0.0
627.9069767441861	0.0
628.4071017754441	0.0
628.9072268067018	0.0
629.4073518379596	0.0
629.9074768692174	0.0
630.4076019004751	0.0
630.9077269317331	0.0
631.4078519629909	0.0
631.9079769942487	0.0
632.4081020255064	0.0
632.9082270567644	0.0
633.4083520880222	0.0
633.90847711928	0.0
634.4086021505377	0.0
634.9087271817955	0.0
635.4088522130535	0.0
635.9089772443112	0.0
636.409102275569	0.0
636.9092273068268	0.0
637.4093523380845	0.0
637.9094773693425	0.0
638.4096024006003	0.0
638.9097274318581	0.0
639.4098524631158	0.0
639.9099774943736	0.0
640.4101025256316	0.0
640.9102275568894	0.0
641.4103525881471	0.0
641.9104776194049	0.0
642.4106026506629	0.0
642.9107276819207	0.0
643.4108527131784	0.0
643.9109777444362	0.0
644.411102775694	0.0
644.911227806952	0.0
645.4113528382097	0.0
645.9114778694675	0.0
646.4116029007253	0.0
646.911727931983	0.0
647.411852963241	0.0
647.9119779944988	0.0
648.4121030257566	0.0
648.9122280570143	0.0
649.4123530882721	0.0
649.9124781195301	0.0
650.4126031507878	0.0
650.9127281820456	0.0
651.4128532133034	0.0
651.9129782445614	0.0
652.4131032758191	0.0
652.9132283070769	0.0
653.4133533383347	0.0
653.9134783695924	0.0
654.4136034008504	0.0
654.9137284321082	0.0
655.413853463366	0.0
655.9139784946237	0.0
656.4141035258815	0.0
656.9142285571395	0.0
657.4143535883973	0.0
657.914478619655	0.0
658.4146036509128	0.0
658.9147286821706	0.0
659.4148537134286	0.0
659.9149787446863	0.0
660.4151037759441	0.0
660.9152288072019	0.0
661.4153538384596	0.0
661.9154788697176	0.0
662.4156039009754	0.0
662.9157289322332	0.0
663.4158539634909	0.0
663.9159789947489	0.0
664.4161040260067	0.0
664.9162290572644	0.0
665.4163540885222	0.0
665.91647911978	0.0
666.416604151038	0.0
666.9167291822957	0.0
667.4168542135535	0.0
667.9169792448113	0.0
668.417104276069	0.0
668.917229307327	0.0
669.4173543385848	0.0
669.9174793698426	0.0
670.4176044011003	0.0
670.9177294323581	0.0
671.4178544636161	0.0
671.9179794948739	0.0
672.4181045261316	0.0
672.9182295573894	0.0
673.4183545886474	0.0
673.9184796199052	0.0
674.4186046511629	0.0
674.9187296824207	0.0
675.4188547136785	0.0
675.9189797449365	0.0
676.4191047761942	0.0
676.919229807452	0.0
677.4193548387098	0.0
677.9194798699675	0.0
678.4196049012255	0.0
678.9197299324833	0.0
679.419854963741	0.0
679.9199799949988	0.0
680.4201050262566	0.0
680.9202300575146	0.0
681.4203550887723	0.0
681.9204801200301	0.0
682.4206051512879	0.0
682.9207301825459	0.0
683.4208552138036	0.0
683.9209802450614	0.0
684.4211052763192	0.0
684.9212303075769	0.0
685.4213553388349	0.0
685.9214803700927	0.0
686.4216054013505	0.0
686.9217304326082	0.0
687.421855463866	0.0
687.921980495124	0.0
688.4221055263818	0.0
688.9222305576395	0.0
689.4223555888973	0.0
689.922480620155	0.0
690.422605651413	0.0
690.9227306826708	0.0
691.4228557139286	0.0
691.9229807451864	0.0
692.4231057764443	0.0
692.9232308077021	0.0
693.4233558389599	0.0
693.9234808702176	0.0
694.4236059014754	0.0
694.9237309327334	0.0
695.4238559639912	0.0
695.9239809952489	0.0
696.4241060265067	0.0
696.9242310577645	0.0
697.4243560890225	0.0
697.9244811202802	0.0
698.424606151538	0.0
698.9247311827958	0.0
699.4248562140535	0.0
699.9249812453115	0.0
700.4251062765693	0.0
700.9252313078271	0.0
701.4253563390848	0.0
701.9254813703426	0.0
702.4256064016006	0.0
702.9257314328584	0.0
703.4258564641161	0.0
703.9259814953739	0.0
704.4261065266319	0.0
704.9262315578897	0.0
705.4263565891474	0.0
705.9264816204052	0.0
706.426606651663	0.0
706.926731682921	0.0
707.4268567141787	0.0
707.9269817454365	0.0
708.4271067766942	0.0
708.927231807952	0.0
709.42735683921	0.0
709.9274818704678	0.0
710.4276069017255	0.0
710.9277319329833	0.0
711.4278569642411	0.0
711.9279819954991	0.0
712.4281070267568	0.0
712.9282320580146	0.0
713.4283570892724	0.0
713.9284821205304	0.0
714.4286071517881	0.0
714.9287321830459	0.0
715.4288572143037	0.0
715.9289822455614	0.0
716.4291072768194	0.0
716.9292323080772	0.0
717.429357339335	0.0
717.9294823705927	0.0
718.4296074018505	0.0
718.9297324331085	0.0
719.4298574643663	0.0
719.929982495624	0.0
720.4301075268818	0.0
720.9302325581396	0.0
721.4303575893975	0.0
721.9304826206553	0.0
722.4306076519131	0.0
722.9307326831708	0.0
723.4308577144288	0.0
723.9309827456866	0.0
724.4311077769444	0.0
724.9312328082021	0.0
725.4313578394599	0.0
725.9314828707179	0.0
726.4316079019757	0.0
726.9317329332334	0.0
727.4318579644912	0.0
727.931982995749	0.0
728.432108027007	0.0
728.9322330582647	0.0
729.4323580895225	0.0
729.9324831207803	0.0
730.432608152038	0.0
730.932733183296	0.0
731.4328582145538	0.0
731.9329832458116	0.0
732.4331082770693	0.0
732.9332333083273	0.0
733.4333583395851	0.0
733.9334833708429	0.0
734.4336084021006	0.0
734.9337334333584	0.0
735.4338584646164	0.0
735.9339834958741	0.0
736.4341085271319	0.0
736.9342335583897	0.0
737.4343585896474	0.0
737.9344836209054	0.0
738.4346086521632	0.0
738.934733683421	0.0
739.4348587146787	0.0
739.9349837459365	0.0
740.4351087771945	0.0
740.9352338084523	0.0
741.43535883971	0.0
741.9354838709678	0.0
742.4356089022258	0.0
742.9357339334836	0.0
743.4358589647413	0.0
743.9359839959991	0.0
744.4361090272569	0.0
744.9362340585149	0.0
745.4363590897726	0.0
745.9364841210304	0.0
746.4366091522882	0.0
746.9367341835459	0.0
747.4368592148039	0.0
747.9369842460617	0.0
748.4371092773195	0.0
748.9372343085772	0.0
749.437359339835	0.0
749.937484371093	0.0
750.4376094023507	0.0
750.9377344336085	0.0
751.4378594648663	0.0
751.937984496124	0.0
752.438109527382	0.0
752.9382345586398	0.0
753.4383595898976	0.0
753.9384846211553	0.0
754.4386096524133	0.0
754.9387346836711	0.0
755.4388597149289	0.0
755.9389847461866	0.0
756.4391097774444	0.0
756.9392348087024	0.0
757.4393598399602	0.0
757.9394848712179	0.0
758.4396099024757	0.0
758.9397349337335	0.0
759.4398599649915	0.0
759.9399849962492	0.0
760.440110027507	0.0
760.9402350587648	0.0
761.4403600900225	0.0
761.9404851212805	0.0
762.4406101525383	0.0
762.940735183796	0.0
763.4408602150538	0.0
763.9409852463118	0.0
764.4411102775696	0.0
764.9412353088273	0.0
765.4413603400851	0.0
765.9414853713429	0.0
766.4416104026009	0.0
766.9417354338586	0.0
767.4418604651164	0.0
767.9419854963742	0.0
768.4421105276319	0.0
768.9422355588899	0.0
769.4423605901477	0.0
769.9424856214055	0.0
770.4426106526632	0.0
770.942735683921	0.0
771.442860715179	0.0
771.9429857464368	0.0
772.4431107776945	0.0
772.9432358089523	0.0
773.4433608402103	0.0
773.943485871468	0.0
774.4436109027258	0.0
774.9437359339836	0.0
775.4438609652414	0.0
775.9439859964994	0.0
776.4441110277571	0.0
776.9442360590149	0.0
777.4443610902727	0.0
777.9444861215304	0.0
778.4446111527884	0.0
778.9447361840462	0.0
779.444861215304	0.0
779.9449862465617	0.0
780.4451112778195	0.0
780.9452363090775	0.0
781.4453613403352	0.0
781.945486371593	0.0
782.4456114028508	0.0
782.9457364341088	0.0
783.4458614653665	0.0
783.9459864966243	0.0
784.4461115278821	0.0
784.9462365591398	0.0
785.4463615903978	0.0
785.9464866216556	0.0
786.4466116529134	0.0
786.9467366841711	0.0
787.4468617154289	0.0
787.9469867466869	0.0
788.4471117779447	0.0
788.9472368092024	0.0
789.4473618404602	0.0
789.947486871718	0.0
790.447611902976	0.0
790.9477369342337	0.0
791.4478619654915	0.0
791.9479869967493	0.0
792.448112028007	0.0
792.948237059265	0.0
793.4483620905228	0.0
793.9484871217805	0.0
794.4486121530383	0.0
794.9487371842963	0.0
795.4488622155541	0.0
795.9489872468118	0.0
796.4491122780696	0.0
796.9492373093274	0.0
797.4493623405854	0.0
797.9494873718431	0.0
798.4496124031009	0.0
798.9497374343587	0.0
799.4498624656164	0.0
799.9499874968744	0.0
800.4501125281322	0.0
800.95023755939	0.0
801.4503625906477	0.0
801.9504876219055	0.0
802.4506126531635	0.0
802.9507376844213	0.0
803.450862715679	0.0
803.9509877469368	0.0
804.4511127781948	0.0
804.9512378094526	0.0
805.4513628407103	0.0
805.9514878719681	0.0
806.4516129032259	0.0
806.9517379344838	0.0
807.4518629657416	0.0
807.9519879969994	0.0
808.4521130282571	0.0
808.9522380595149	0.0
809.4523630907729	0.0
809.9524881220307	0.0
810.4526131532884	0.0
810.9527381845462	0.0
811.452863215804	0.0
811.952988247062	0.0
812.4531132783197	0.0
812.9532383095775	0.0
813.4533633408353	0.0
813.9534883720933	0.0
814.453613403351	0.0
814.9537384346088	0.0
815.4538634658666	0.0
815.9539884971243	0.0
816.4541135283823	0.0
816.9542385596401	0.0
817.4543635908979	0.0
817.9544886221556	0.0
818.4546136534134	0.0
818.9547386846714	0.0
819.4548637159292	0.0
819.9549887471869	0.0
820.4551137784447	0.0
820.9552388097025	0.0
821.4553638409604	0.0
821.9554888722182	0.0
822.455613903476	0.0
822.9557389347337	0.0
823.4558639659917	0.0
823.9559889972495	0.0
824.4561140285073	0.0
824.956239059765	0.0
825.4563640910228	0.0
825.9564891222808	0.0
826.4566141535386	0.0
826.9567391847963	0.0
827.4568642160541	0.0
827.9569892473119	0.0
828.4571142785699	0.0
828.9572393098276	0.0
829.4573643410854	0.0
829.9574893723432	0.0
830.4576144036009	0.0
830.9577394348589	0.0
831.4578644661167	0.0
831.9579894973745	0.0
832.4581145286322	0.0
832.9582395598902	0.0
833.458364591148	0.0
833.9584896224058	0.0
834.4586146536635	0.0
834.9587396849213	0.0
835.4588647161793	0.0
835.958989747437	0.0
836.4591147786948	0.0
836.9592398099526	0.0
837.4593648412103	0.0
837.9594898724683	0.0
838.4596149037261	0.0
838.9597399349839	0.0
839.4598649662416	0.0
839.9599899974994	0.0
840.4601150287574	0.0
840.9602400600152	0.0
841.4603650912729	0.0
841.9604901225307	0.0
842.4606151537885	0.0
842.9607401850465	0.0
843.4608652163042	0.0
843.960990247562	0.0
844.4611152788198	0.0
844.9612403100778	0.0
845.4613653413355	0.0
845.9614903725933	0.0
846.461615403851	0.0
846.9617404351088	0.0
847.4618654663668	0.0
847.9619904976246	0.0
848.4621155288824	0.0
848.9622405601401	0.0
849.4623655913979	0.0
849.9624906226559	0.0
850.4626156539136	0.0
850.9627406851714	0.0
851.4628657164292	0.0
851.962990747687	0.0
852.4631157789449	0.0
852.9632408102027	0.0
853.4633658414605	0.0
853.9634908727182	0.0
854.4636159039762	0.0
854.963740935234	0.0
855.4638659664918	0.0
855.9639909977495	0.0
856.4641160290073	0.0
856.9642410602653	0.0
857.4643660915231	0.0
857.9644911227808	0.0
858.4646161540386	0.0
858.9647411852964	0.0
859.4648662165544	0.0
859.9649912478121	0.0
860.4651162790699	0.0
860.9652413103277	0.0
861.4653663415854	0.0
861.9654913728434	0.0
862.4656164041012	0.0
862.965741435359	0.0
863.4658664666167	0.0
863.9659914978747	0.0
864.4661165291325	0.0
864.9662415603902	0.0
865.466366591648	0.0
865.9664916229058	0.0
866.4666166541638	0.0
866.9667416854215	0.0
867.4668667166793	0.0
867.9669917479371	0.0
868.4671167791948	0.0
868.9672418104528	0.0
869.4673668417106	0.0
869.9674918729684	0.0
870.4676169042261	0.0
870.9677419354839	0.0
871.4678669667419	0.0
871.9679919979997	0.0
872.4681170292574	0.0
872.9682420605152	0.0
873.4683670917732	0.0
873.968492123031	0.0
874.4686171542887	0.0
874.9687421855465	0.0
875.4688672168043	0.0
875.9689922480622	0.0
876.46911727932	0.0
876.9692423105778	0.0
877.4693673418356	0.0
877.9694923730933	0.0
878.4696174043513	0.0
878.9697424356091	0.0
879.4698674668668	0.0
879.9699924981246	0.0
880.4701175293824	0.0
880.9702425606404	0.0
881.4703675918981	0.0
881.9704926231559	0.0
882.4706176544137	0.0
882.9707426856717	0.0
883.4708677169294	0.0
883.9709927481872	0.0
884.471117779445	0.0
884.9712428107027	0.0
885.4713678419607	0.0
885.9714928732185	0.0
886.4716179044763	0.0
886.971742935734	0.0
887.4718679669918	0.0
887.9719929982498	0.0
888.4721180295076	0.0
888.9722430607653	0.0
889.4723680920231	0.0
889.9724931232809	0.0
890.4726181545388	0.0
890.9727431857966	0.0
891.4728682170544	0.0
891.9729932483122	0.0
892.4731182795699	0.0
892.9732433108279	0.0
893.4733683420857	0.0
893.9734933733434	0.0
894.4736184046012	0.0
894.9737434358592	0.0
895.473868467117	0.0
895.9739934983747	0.0
896.4741185296325	0.0
896.9742435608903	0.0
897.4743685921483	0.0
897.974493623406	0.0
898.4746186546638	0.0
898.9747436859216	0.0
899.4748687171793	0.0
899.9749937484373	0.0
900.4751187796951	0.0
900.9752438109529	0.0
901.4753688422106	0.0
901.9754938734684	0.0
902.4756189047264	0.0
902.9757439359842	0.0
903.4758689672419	0.0
903.9759939984997	0.0
904.4761190297577	0.0
904.9762440610154	0.0
905.4763690922732	0.0
905.976494123531	0.0
906.4766191547888	0.0
906.9767441860467	0.0
907.4768692173045	0.0
907.9769942485623	0.0
908.47711927982	0.0
908.9772443110778	0.0
909.4773693423358	0.0
909.9774943735936	0.0
910.4776194048513	0.0
910.9777444361091	0.0
911.4778694673669	0.0
911.9779944986249	0.0
912.4781195298826	0.0
912.9782445611404	0.0
913.4783695923982	0.0
913.9784946236562	0.0
914.4786196549139	0.0
914.9787446861717	0.0
915.4788697174295	0.0
915.9789947486872	0.0
916.4791197799452	0.0
916.979244811203	0.0
917.4793698424608	0.0
917.9794948737185	0.0
918.4796199049763	0.0
918.9797449362343	0.0
919.479869967492	0.0
919.9799949987498	0.0
920.4801200300076	0.0
920.9802450612654	0.0
921.4803700925233	0.0
921.9804951237811	0.0
922.4806201550389	0.0
922.9807451862966	0.0
923.4808702175546	0.0
923.9809952488124	0.0
924.4811202800702	0.0
924.9812453113279	0.0
925.4813703425857	0.0
925.9814953738437	0.0
926.4816204051015	0.0
926.9817454363592	0.0
927.481870467617	0.0
927.9819954988748	0.0
928.4821205301328	0.0
928.9822455613905	0.0
929.4823705926483	0.0
929.9824956239061	0.0
930.4826206551638	0.0
930.9827456864218	0.0
931.4828707176796	0.0
931.9829957489374	0.0
932.4831207801951	0.0
932.9832458114529	0.0
933.4833708427109	0.0
933.9834958739686	0.0
934.4836209052264	0.0
934.9837459364842	0.0
935.4838709677422	0.0
935.983995999	0.0
936.4841210302577	0.0
936.9842460615155	0.0
937.4843710927732	0.0
937.9844961240312	0.0
938.484621155289	0.0
938.9847461865468	0.0
939.4848712178045	0.0
939.9849962490623	0.0
940.4851212803203	0.0
940.9852463115781	0.0
941.4853713428358	0.0
941.9854963740936	0.0
942.4856214053514	0.0
942.9857464366094	0.0
943.4858714678671	0.0
943.9859964991249	0.0
944.4861215303827	0.0
944.9862465616407	0.0
945.4863715928984	0.0
945.9864966241562	0.0
946.486621655414	0.0
946.9867466866717	0.0
947.4868717179297	0.0
947.9869967491875	0.0
948.4871217804452	0.0
948.987246811703	0.0
949.4873718429608	0.0
949.9874968742188	0.0
950.4876219054765	0.0
950.9877469367343	0.0
951.4878719679921	0.0
951.9879969992498	0.0
952.4881220305078	0.0
952.9882470617656	0.0
953.4883720930234	0.0
953.9884971242811	0.0
954.4886221555391	0.0
954.9887471867969	0.0
955.4888722180547	0.0
955.9889972493124	0.0
956.4891222805702	0.0
956.9892473118282	0.0
957.489372343086	0.0
957.9894973743437	0.0
958.4896224056015	0.0
958.9897474368593	0.0
959.4898724681173	0.0
959.989997499375	0.0
960.4901225306328	0.0
960.9902475618906	0.0
961.4903725931483	0.0
961.9904976244063	0.0
962.4906226556641	0.0
962.9907476869218	0.0
963.4908727181796	0.0
963.9909977494376	0.0
964.4911227806954	0.0
964.9912478119531	0.0
965.4913728432109	0.0
965.9914978744687	0.0
966.4916229057267	0.0
966.9917479369844	0.0
967.4918729682422	0.0
967.9919979995	0.0
968.4921230307577	0.0
968.9922480620157	0.0
969.4923730932735	0.0
969.9924981245313	0.0
970.492623155789	0.0
970.9927481870468	0.0
971.4928732183048	0.0
971.9929982495626	0.0
972.4931232808203	0.0
972.9932483120781	0.0
973.4933733433361	0.0
973.9934983745939	0.0
974.4936234058516	0.0
974.9937484371094	0.0
975.4938734683672	0.0
975.9939984996251	0.0
976.4941235308829	0.0
976.9942485621407	0.0
977.4943735933984	0.0
977.9944986246562	0.0
978.4946236559142	0.0
978.994748687172	0.0
979.4948737184297	0.0
979.9949987496875	0.0
980.4951237809453	0.0
980.9952488122033	0.0
981.495373843461	0.0
981.9954988747188	0.0
982.4956239059766	0.0
982.9957489372343	0.0
983.4958739684923	0.0
983.9959989997501	0.0
984.4961240310079	0.0
984.9962490622656	0.0
985.4963740935236	0.0
985.9964991247814	0.0
986.4966241560392	0.0
986.9967491872969	0.0
987.4968742185547	0.0
987.9969992498127	0.0
988.4971242810705	0.0
988.9972493123282	0.0
989.497374343586	0.0
989.9974993748438	0.0
990.4976244061017	0.0
990.9977494373595	0.0
991.4978744686173	0.0
991.997999499875	0.0
992.4981245311328	0.0
992.9982495623908	0.0
993.4983745936486	0.0
993.9984996249063	0.0
994.4986246561641	0.0
994.9987496874221	0.0
995.4988747186799	0.0
995.9989997499376	0.0
996.4991247811954	0.0
996.9992498124532	0.0
997.4993748437112	0.0
997.9994998749689	0.0
998.4996249062267	0.0
998.9997499374845	0.0
999.4998749687422	0.0
1000.0	0.0
